1 0.256481 0.305729 0.336111 0.305729 0.336111 0.326042 0.256481 0.326042
1 0.550000 0.298438 0.630556 0.298438 0.630556 0.320828 0.550000 0.320828
1 0.351852 0.706250 0.425000 0.706250 0.425000 0.729172 0.351852 0.729172
1 0.101852 0.709901 0.169444 0.709901 0.169444 0.729688 0.099204 0.731922
1 0.118519 0.305729 0.200000 0.305729 0.200000 0.327599 0.118519 0.327599
1 0.168519 0.814578 0.237037 0.814578 0.237037 0.838542 0.168519 0.838542
1 0.317593 0.816151 0.384259 0.816151 0.384259 0.838542 0.317593 0.838542
1 0.875222 0.287500 0.962037 0.287500 0.962037 0.311979 0.875222 0.311979
1 0.273148 0.592656 0.345926 0.592292 0.347222 0.613021 0.273796 0.614115
1 0.489806 0.706250 0.559259 0.706250 0.559259 0.727599 0.489806 0.727599
1 0.416667 0.300000 0.498148 0.300000 0.498148 0.322922 0.416667 0.322922
1 0.492593 0.588021 0.560194 0.588021 0.560194 0.609380 0.492593 0.609380
1 0.708333 0.293750 0.787963 0.293750 0.787963 0.317708 0.708333 0.317708
3 0.000000 0.593750 0.058333 0.593750 0.058333 0.617708 0.000000 0.617708
1 0.790741 0.590099 0.870370 0.590099 0.870370 0.607292 0.790741 0.607292
1 0.644444 0.703651 0.716667 0.703651 0.716667 0.726042 0.644444 0.726042
1 0.003704 0.818229 0.073148 0.818229 0.073148 0.840620 0.003704 0.840620
1 0.170139 0.468620 0.250157 0.468620 0.250157 0.488448 0.170139 0.488448
1 0.479630 0.815620 0.547222 0.815620 0.547222 0.838021 0.479630 0.838021
1 0.399074 0.592187 0.462963 0.592187 0.462963 0.610938 0.399074 0.610938
1 0.479796 0.465620 0.553704 0.464526 0.553704 0.483849 0.479796 0.485307
1 0.801852 0.702599 0.878704 0.702599 0.878704 0.726042 0.801852 0.726042
3 0.955556 0.816151 1.000000 0.816151 1.000000 0.838542 0.955556 0.838542
1 0.590741 0.817708 0.658333 0.817708 0.658333 0.837500 0.590741 0.837500
1 0.084648 0.594323 0.159259 0.593229 0.157315 0.614943 0.084648 0.616771
1 0.821296 0.815620 0.889806 0.815620 0.889806 0.838021 0.821296 0.838021
1 0.715741 0.818229 0.783333 0.818229 0.783333 0.838542 0.715741 0.838542
1 0.168519 0.596880 0.243361 0.597245 0.242704 0.614370 0.168519 0.615099
1 0.770056 0.462021 0.853704 0.462021 0.853704 0.480292 0.770056 0.480292
2 0.541241 0.139578 0.689398 0.139578 0.689398 0.166672 0.541241 0.166672
1 0.608722 0.589063 0.680556 0.589063 0.680556 0.608328 0.608722 0.608328
2 0.565741 0.937500 0.674074 0.937500 0.674074 0.958849 0.565741 0.958849
2 0.079694 0.153411 0.216398 0.153411 0.216398 0.177359 0.079694 0.177359
2 0.764000 0.135589 0.764130 0.159969 0.924648 0.157708 0.924648 0.130630
2 0.275491 0.938500 0.276491 0.957109 0.392861 0.955979 0.389852 0.938500
2 0.116500 0.936661 0.120991 0.956552 0.231352 0.957682 0.225333 0.937370
