1 0.453739 0.855121 0.451459 0.868661 0.479830 0.870560 0.483599 0.869680 0.492180 0.869639 0.493700 0.856789
1 0.375600 0.484230 0.376851 0.496290 0.414379 0.496471 0.413380 0.484359
1 0.470929 0.601759 0.435390 0.601210 0.435941 0.610679 0.471099 0.611029
1 0.965539 0.504300 0.999769 0.504940 1.000000 0.492780 0.970539 0.491840
1 0.258490 0.848550 0.253310 0.863179 0.293910 0.864499 0.298751 0.849879
1 0.602141 0.371649 0.600359 0.383880 0.640119 0.384070 0.642619 0.372110
1 0.892731 0.502589 0.930901 0.503480 0.935551 0.490840 0.896909 0.489849
1 0.854781 0.378591 0.895070 0.378529 0.900460 0.364639 0.859960 0.364790
1 0.607829 0.861789 0.609141 0.876371 0.651410 0.877120 0.648721 0.862300
1 0.227591 0.369049 0.232260 0.381129 0.267330 0.381441 0.272311 0.381530 0.268009 0.369779
1 0.512409 0.383810 0.551720 0.383890 0.552930 0.371929 0.513039 0.371780
1 0.858410 0.874300 0.865691 0.886829 0.907339 0.886471 0.899260 0.874540
1 0.683849 0.485399 0.681839 0.498071 0.720439 0.498120 0.722561 0.485609
1 0.361720 0.370609 0.362789 0.380060 0.363429 0.382379 0.402689 0.383300 0.402061 0.371231
1 0.517061 0.857670 0.516261 0.872400 0.557120 0.874631 0.557141 0.860390
1 0.281319 0.369590 0.282390 0.372710 0.284491 0.381441 0.319379 0.382040 0.324589 0.382190 0.321431 0.370100
1 0.752710 0.371050 0.711300 0.371471 0.708179 0.383850 0.748280 0.383839
1 0.914099 0.712710 0.948630 0.712980 0.952771 0.703360 0.918070 0.702939
1 0.807241 0.701840 0.805490 0.713850 0.840399 0.713820 0.841839 0.702010
1 0.743800 0.866619 0.747400 0.881210 0.789991 0.882880 0.785481 0.867899
1 0.472339 0.371719 0.431839 0.371059 0.433231 0.383550 0.472220 0.383790
1 0.828989 0.488241 0.826230 0.502139 0.864321 0.502990 0.867579 0.489181
1 0.538210 0.485140 0.537710 0.496980 0.575420 0.497349 0.575801 0.485140
1 0.246181 0.483260 0.249059 0.495571 0.287521 0.495851 0.285140 0.483820
1 0.253450 0.598459 0.255579 0.608599 0.291529 0.608790 0.289781 0.598550
1 0.365320 0.599960 0.366450 0.609350 0.401781 0.610011 0.401151 0.600520
1 0.521050 0.602400 0.556751 0.603529 0.555749 0.613020 0.520301 0.612171
1 0.596090 0.604189 0.631921 0.605030 0.630289 0.614620 0.594711 0.613860
1 0.650341 0.605690 0.648581 0.614800 0.684540 0.615930 0.686800 0.606541
1 0.963739 0.621220 0.999900 0.621110 0.999900 0.613171 0.969589 0.612969
1 0.898770 0.612640 0.935100 0.613109 0.928840 0.621099 0.892631 0.620720
1 0.813459 0.612931 0.809071 0.620910 0.845030 0.621570 0.849790 0.613211
1 0.263340 0.698620 0.265219 0.707540 0.299799 0.707360 0.297920 0.698241
1 0.517540 0.698710 0.517409 0.707829 0.551489 0.708300 0.551620 0.699090
3 0.907402 0.875522 0.921513 0.886836 0.951195 0.884280 0.927351 0.870413
