1 0.689806 0.270313 0.780556 0.270313 0.780556 0.293750 0.689806 0.293750
1 0.341667 0.446349 0.419444 0.446349 0.419444 0.469792 0.341667 0.469792
1 0.437037 0.449479 0.515741 0.449479 0.515741 0.472922 0.437037 0.472922
1 0.625926 0.825521 0.700926 0.825521 0.700926 0.852599 0.625926 0.852599
1 0.467593 0.271870 0.552778 0.271870 0.552778 0.295312 0.467593 0.295312
1 0.475000 0.581250 0.552778 0.581250 0.552778 0.606771 0.475000 0.606771
1 0.707407 0.455208 0.791667 0.455208 0.791667 0.477599 0.707407 0.477599
1 0.263083 0.445318 0.337037 0.445318 0.337037 0.469552 0.263083 0.469552
1 0.581565 0.584469 0.661880 0.587318 0.660194 0.611891 0.578194 0.609042
1 0.354630 0.578120 0.432407 0.578120 0.432407 0.601562 0.354630 0.601562
1 0.789806 0.837500 0.868519 0.837500 0.868519 0.863021 0.789806 0.863021
1 0.856481 0.725521 0.939806 0.725521 0.939806 0.751042 0.856481 0.751042
1 0.577778 0.710938 0.650000 0.710938 0.650000 0.733849 0.577778 0.733849
1 0.934259 0.605208 0.999074 0.605208 0.999074 0.627078 0.934259 0.627078
2 0.422741 0.101042 0.580546 0.101042 0.580546 0.129198 0.422741 0.129198
1 0.849074 0.269271 0.946296 0.269271 0.946296 0.294271 0.849074 0.294271
2 0.216083 0.106250 0.370620 0.106250 0.370620 0.134031 0.216083 0.134031
1 0.234259 0.271349 0.317593 0.271349 0.317593 0.294271 0.234259 0.294271
1 0.450000 0.815099 0.524074 0.815099 0.524074 0.840099 0.450000 0.840099
1 0.788889 0.593750 0.873398 0.596599 0.875926 0.621641 0.788889 0.619271
2 0.676852 0.094802 0.845602 0.094802 0.845602 0.121219 0.676852 0.121219
1 0.300926 0.808849 0.369444 0.808849 0.369444 0.830208 0.300926 0.830208
3 0.975000 0.853120 1.000000 0.853120 1.000000 0.873958 0.975000 0.873958
1 0.276222 0.577078 0.347231 0.577078 0.347231 0.597401 0.276222 0.597401
1 0.676852 0.595313 0.753704 0.595313 0.753704 0.615099 0.676852 0.615099
1 0.093519 0.144271 0.097222 0.177078 0.126852 0.181771 0.137037 0.181250 0.139806 0.176042 0.132407 0.151042 0.117593 0.143229
1 0.279630 0.695828 0.278704 0.713021 0.282407 0.715099 0.331481 0.718750 0.349074 0.717708 0.350000 0.704688 0.345370 0.696349 0.300926 0.692708
2 0.028704 0.795312 0.027778 0.803651 0.035194 0.807813 0.101852 0.814578 0.137037 0.816151 0.143519 0.814063 0.144444 0.795312 0.138889 0.792708 0.086111 0.786458 0.036111 0.786458
2 0.032759 0.902432 0.028704 0.914578 0.030407 0.920911 0.058583 0.924870 0.087037 0.926562 0.124296 0.929490 0.133333 0.922922 0.135194 0.914062 0.136037 0.909031 0.080556 0.904687
2 0.326852 0.930729 0.326852 0.940099 0.331481 0.943750 0.420370 0.956771 0.429630 0.953120 0.431481 0.939578 0.421296 0.934901 0.342593 0.927599 0.334259 0.927599
2 0.544944 0.945922 0.544944 0.966380 0.561370 0.969021 0.599074 0.971349 0.650000 0.975521 0.660194 0.968229 0.653704 0.951042 0.571296 0.947401
2 0.720509 0.962641 0.717463 0.979578 0.850083 0.990802 0.848898 0.970339
3 0.001852 0.655729 0.000000 0.676562 0.022222 0.680208 0.044444 0.676042 0.045370 0.659901
3 0.004630 0.542708 0.006481 0.559901 0.023148 0.562500 0.039806 0.560937 0.043519 0.546880 0.039806 0.543229 0.013889 0.541151
