1 0.473161 0.849790 0.448261 0.850860 0.434391 0.851759 0.435341 0.867651 0.474519 0.865700
1 0.598989 0.843880 0.593840 0.844011 0.560460 0.845590 0.561370 0.862010 0.564680 0.862020 0.580070 0.861169 0.589260 0.860081 0.600551 0.859730
1 0.859690 0.601929 0.859629 0.596961 0.826590 0.597700 0.818380 0.598430 0.820920 0.614461 0.827010 0.614510 0.838471 0.613971 0.848441 0.613720 0.860810 0.613030 0.860411 0.608020
1 0.725259 0.837710 0.713231 0.838620 0.704951 0.838761 0.695850 0.839480 0.686720 0.839709 0.688630 0.856450 0.726361 0.854310 0.726190 0.849610
1 0.783130 0.835291 0.778709 0.835431 0.754160 0.836161 0.744830 0.837050 0.746730 0.852400 0.773581 0.851371 0.784500 0.850980
1 0.655000 0.841740 0.629671 0.842279 0.616230 0.843370 0.617880 0.859219 0.622701 0.859251 0.656331 0.857300
1 0.322600 0.857320 0.282241 0.858690 0.281979 0.874771 0.295850 0.874100 0.307850 0.873360 0.321681 0.872640
2 0.308109 0.391150 0.302969 0.390741 0.247899 0.390410 0.222451 0.391021 0.223191 0.408039 0.308529 0.407850
2 0.658389 0.602279 0.658639 0.612551 0.659160 0.618071 0.706090 0.616380 0.733389 0.615840 0.733441 0.612330 0.732740 0.606250 0.732260 0.600520 0.728100 0.600460 0.680460 0.601520
2 0.394711 0.613680 0.394430 0.609210 0.316781 0.611970 0.317159 0.618990 0.317631 0.628400 0.395110 0.625280 0.394960 0.619049
2 0.735990 0.236339 0.658681 0.235830 0.658880 0.252890 0.680920 0.253109 0.689991 0.253071 0.736809 0.252390 0.736459 0.248599
2 0.499820 0.611740 0.498810 0.605870 0.445871 0.607110 0.423520 0.608430 0.423350 0.614289 0.424050 0.621430 0.424339 0.624391 0.492159 0.622400 0.500170 0.622160 0.500000 0.619720
2 0.894610 0.701409 0.827451 0.704300 0.824461 0.705011 0.826099 0.720590 0.841970 0.719739 0.895990 0.716810 0.895131 0.708060
2 0.291590 0.237630 0.283861 0.237680 0.207110 0.237920 0.207369 0.240019 0.207731 0.243451 0.208219 0.254960 0.291520 0.254949 0.291081 0.252449
2 0.794820 0.705530 0.724561 0.707980 0.724790 0.722341 0.724890 0.724090 0.796620 0.721390
2 0.870649 0.830620 0.803301 0.833850 0.803919 0.840000 0.805030 0.845030 0.805560 0.849610 0.814430 0.849610 0.872939 0.845501 0.872070 0.839800
2 0.260971 0.722861 0.240411 0.723570 0.240880 0.740000 0.257680 0.739140 0.316480 0.737470 0.316781 0.732950 0.317241 0.721199
2 0.860411 0.235151 0.856930 0.235280 0.783861 0.236150 0.783779 0.238570 0.783770 0.239100 0.783761 0.239421 0.783401 0.251390 0.857159 0.251180 0.861541 0.250781
2 0.408730 0.718141 0.396590 0.718100 0.358511 0.719329 0.333950 0.720609 0.333971 0.728559 0.333810 0.736950 0.409160 0.734160 0.409440 0.729779
2 0.305600 0.612530 0.297521 0.612481 0.226389 0.614970 0.226111 0.631460 0.305579 0.628459
2 0.351270 0.494730 0.319290 0.495060 0.311370 0.495460 0.269881 0.496150 0.269601 0.507349 0.269881 0.512840 0.306979 0.511511 0.351261 0.510811
2 0.404951 0.238489 0.405390 0.255060 0.486139 0.255140 0.485600 0.238249
2 0.740411 0.386161 0.661020 0.387560 0.660789 0.401401 0.661300 0.403141 0.740880 0.401759
