2 0.148310 0.375330 0.152890 0.388971 0.230079 0.391530 0.227431 0.376900
1 0.003750 0.358051 0.009041 0.373509 0.052900 0.374129 0.048611 0.358380
2 0.938981 0.927170 0.861779 0.928859 0.863981 0.949120 0.941131 0.946761
3 0.022761 0.510379 0.000000 0.510749 0.000000 0.523931 0.027841 0.523400
1 0.040790 0.913070 0.000000 0.927081 0.000000 0.941220 0.013449 0.935970 0.046839 0.925630
3 0.463509 0.385119 0.462960 0.398740 0.535351 0.400191 0.537278 0.387391
2 0.792189 0.395439 0.786409 0.407210 0.856601 0.408450 0.862930 0.396679
3 0.951009 0.399159 0.943849 0.410920 1.000000 0.412371 0.999719 0.399980
2 0.790261 0.534779 0.784210 0.541801 0.850820 0.542830 0.857698 0.535201
2 0.441809 0.529829 0.440701 0.539120 0.509521 0.540561 0.510341 0.531481
3 0.213039 0.526111 0.216892 0.535201 0.181941 0.534581 0.180559 0.526731 0.189368 0.526939 0.191019 0.525910
2 0.821640 0.711280 0.824392 0.725531 0.892381 0.725531 0.888800 0.710250
2 0.461620 0.895749 0.448962 0.901939 0.434649 0.905660 0.434649 0.916190 0.518601 0.915980 0.518049 0.894720
2 0.170099 0.902361 0.167619 0.923621 0.252950 0.921761 0.253499 0.918869 0.238360 0.914541 0.228181 0.906900 0.198449 0.904829
1 0.043489 0.639769 0.037979 0.646791 0.075969 0.646791 0.082569 0.640191
