1 0.371081 0.429270 0.369351 0.443710 0.369300 0.447330 0.399629 0.449580 0.407369 0.449981 0.409900 0.431549 0.396090 0.430730 0.375691 0.429650
1 0.587070 0.320081 0.587829 0.309259 0.535880 0.311630 0.534020 0.320609 0.532269 0.331150 0.552110 0.331500 0.583870 0.330760 0.584790 0.324841
1 0.543420 0.576520 0.539120 0.595200 0.579370 0.601280 0.585040 0.601541 0.588541 0.585291 0.588870 0.583130 0.556550 0.578421 0.548161 0.576891
1 0.833359 0.509130 0.829370 0.529060 0.829181 0.531040 0.896361 0.537470 0.900091 0.521880 0.901029 0.514870 0.868121 0.512010
2 0.559510 0.798850 0.557101 0.810790 0.555941 0.816420 0.617010 0.833599 0.633511 0.837630 0.636629 0.823750 0.637229 0.819830
1 0.827430 0.639930 0.823511 0.662349 0.886401 0.672230 0.887110 0.669531 0.890061 0.654240 0.890621 0.649160 0.850149 0.643351
1 0.316230 0.428370 0.315110 0.443761 0.351681 0.446239 0.352241 0.439079 0.351839 0.428761 0.316760 0.426010
1 0.056279 0.646320 0.054811 0.641829 0.020801 0.658071 0.015210 0.661050 0.018980 0.678421 0.028630 0.673669 0.058511 0.658130 0.057640 0.653179
1 0.762101 0.632750 0.761501 0.635590 0.758231 0.652600 0.771249 0.654440 0.788576 0.657136 0.802810 0.659350 0.812670 0.660840 0.816650 0.640501 0.816291 0.638699 0.762591 0.630749
2 0.523800 0.199321 0.525551 0.192651 0.474561 0.197481 0.466501 0.199049 0.437680 0.201331 0.433770 0.222300 0.451450 0.220590 0.522719 0.214590 0.522521 0.206530
1 0.085091 0.897761 0.046239 0.925860 0.048791 0.940130 0.066529 0.927519 0.075840 0.919830 0.086809 0.911511 0.086370 0.907910
2 0.754181 0.967950 0.752789 0.979020 0.767269 0.983190 0.816069 1.000000 0.845850 1.000000 0.847610 0.993680 0.801349 0.978470 0.755149 0.964130
2 0.545250 0.900140 0.543840 0.908790 0.543380 0.912090 0.567460 0.919119 0.584580 0.925159 0.616319 0.934631 0.617120 0.930170 0.617360 0.927651 0.618091 0.920770 0.588499 0.910390 0.579890 0.907761 0.571389 0.905070 0.546029 0.898109
1 0.930901 0.655641 0.926611 0.678330 0.996279 0.689200 0.997010 0.685770 0.999531 0.665760 0.958980 0.659340
1 0.044400 0.748529 0.043380 0.743421 0.000000 0.766250 0.002211 0.783580 0.008231 0.780490 0.026541 0.770980 0.039641 0.762799 0.047031 0.759771
3 0.021480 0.553220 0.000180 0.560650 0.000000 0.581759 0.009059 0.578510 0.024979 0.572131 0.022600 0.557131
2 0.909020 0.156310 0.882789 0.158160 0.831471 0.162791 0.777771 0.167440 0.776669 0.193451 0.822129 0.190019 0.908681 0.184170
1 0.062491 0.832691 0.061340 0.827201 0.031050 0.847511 0.019699 0.854709 0.021979 0.869601 0.035009 0.861339 0.063770 0.841360
1 0.915271 0.525221 0.913219 0.538979 0.985749 0.545800 0.988980 0.521530 0.917540 0.515711
1 0.753130 0.851541 0.752311 0.859410 0.751520 0.865221 0.750700 0.869049 0.793880 0.880781 0.803849 0.883389 0.806720 0.866420 0.806730 0.861859 0.787351 0.856970 0.763310 0.855921 0.757820 0.850051 0.753819 0.849370
2 0.068359 0.235840 0.066839 0.250650 0.117731 0.247810 0.122290 0.231859
1 0.772470 0.331549 0.767159 0.352630 0.834760 0.353761 0.838550 0.330980
1 0.076720 0.320151 0.074440 0.334400 0.102540 0.334970 0.107101 0.319580
1 0.196730 0.316740 0.191410 0.334400 0.221790 0.333831 0.227871 0.317309
1 0.248380 0.317309 0.244580 0.333260 0.280280 0.333260 0.284830 0.317309
1 0.312180 0.315030 0.350161 0.313890 0.346361 0.332120 0.307619 0.332691
1 0.394211 0.313319 0.389650 0.332691 0.431431 0.333260 0.436751 0.313319
1 0.465609 0.312180 0.511940 0.309900 0.507390 0.330410 0.459531 0.332120
1 0.766401 0.503020 0.828681 0.508720 0.823810 0.530760 0.761081 0.524671
1 0.689680 0.214771 0.710189 0.218179 0.710189 0.241541 0.688919 0.239830
1 0.518130 0.437220 0.511891 0.455469 0.557951 0.458060 0.565439 0.439440
1 0.457089 0.434421 0.500469 0.436099 0.494799 0.454149 0.452070 0.452400
1 0.271730 0.422899 0.305420 0.425240 0.304120 0.442551 0.269321 0.440110
1 0.231669 0.420420 0.261291 0.422131 0.259769 0.439219 0.227871 0.437511
1 0.171611 0.417939 0.202040 0.419280 0.200180 0.435151 0.169540 0.432341
1 0.130091 0.414631 0.158261 0.416161 0.156681 0.430800 0.157000 0.431511 0.127890 0.429739
1 0.098620 0.412861 0.096730 0.427260 0.124111 0.429380 0.125999 0.414280
1 0.136230 0.523330 0.132759 0.537610 0.159360 0.541740 0.163450 0.527110
1 0.173681 0.528400 0.169741 0.542449 0.197600 0.546929 0.202479 0.531940
1 0.226711 0.535250 0.222150 0.549879 0.252829 0.554130 0.256769 0.539030
1 0.431751 0.561689 0.471410 0.566759 0.467320 0.584580 0.427351 0.578920
3 0.000551 0.450770 0.036970 0.442080 0.041200 0.461250 0.001471 0.472150 0.000180 0.466080
3 0.091410 0.975310 0.095640 0.988960 0.083511 0.999860 0.061620 0.999860
2 0.431099 0.859289 0.427600 0.874049 0.491060 0.895159 0.494549 0.878880
2 0.355131 0.834601 0.413441 0.852810 0.410310 0.867570 0.353289 0.849771
2 0.262619 0.804800 0.260411 0.818459 0.310990 0.834739 0.313380 0.821490
2 0.189041 0.781630 0.187570 0.794730 0.232269 0.807969 0.234470 0.794870
2 0.158690 0.693610 0.154281 0.707131 0.198980 0.719270 0.202841 0.705480
1 0.206699 0.706859 0.201921 0.720100 0.228401 0.726999 0.232631 0.713340
2 0.290210 0.728381 0.345390 0.742861 0.342260 0.758039 0.286529 0.743281
2 0.371690 0.749620 0.432019 0.765620 0.428709 0.781490 0.368191 0.765350
2 0.446550 0.768249 0.442500 0.785760 0.509820 0.804391 0.514050 0.787010
1 0.875481 0.880811 0.933599 0.895851 0.930661 0.917230 0.871249 0.901231
2 0.145999 0.602980 0.141401 0.616921 0.188861 0.626570 0.193459 0.611261
2 0.198791 0.612910 0.193639 0.627120 0.246060 0.637470 0.250289 0.622430
2 0.273651 0.626161 0.269050 0.642440 0.326261 0.654020 0.330490 0.638300
2 0.401851 0.650851 0.467880 0.664650 0.464211 0.682300 0.397070 0.668370
2 0.504671 0.672230 0.581921 0.687551 0.578240 0.706310 0.500259 0.690439
1 0.751510 0.743550 0.747829 0.764800 0.802640 0.776940 0.805579 0.755140
3 0.955201 0.152890 0.951961 0.179200 0.999409 0.175000 0.999711 0.147581
