2 0.676640 0.361939 0.754960 0.362760 0.761630 0.348829 0.681941 0.348209
2 0.851190 0.500079 0.922169 0.501771 0.927569 0.488061 0.856481 0.486610
2 0.525509 0.927579 0.526009 0.948410 0.616071 0.946089 0.615741 0.928490 0.563241 0.928899 0.561849 0.927170
2 0.337140 0.688899 0.257880 0.689571 0.255618 0.706349 0.335642 0.705890
2 0.974309 0.356731 0.899299 0.355650 0.891101 0.368509 0.963839 0.369541
2 0.188108 0.335320 0.192021 0.349700 0.277440 0.351349 0.274861 0.336771
2 0.279051 0.932750 0.243059 0.933661 0.185241 0.935521 0.183479 0.956349 0.277609 0.954370
2 0.233519 0.503720 0.310179 0.503810 0.307712 0.495079 0.229881 0.495370
2 0.382391 0.355280 0.484339 0.358100 0.485651 0.344251 0.380949 0.340861
3 0.499329 0.685890 0.533459 0.685060 0.538690 0.686920 0.547219 0.693941 0.551081 0.699301 0.500979 0.701580
2 0.506720 0.498239 0.505069 0.505670 0.577189 0.506910 0.580489 0.499479
