1 0.675140 0.500980 0.674181 0.513661 0.713401 0.512960 0.714750 0.500200
1 0.526020 0.887131 0.525840 0.900210 0.568651 0.900970 0.567570 0.887621
1 0.145301 0.877101 0.102129 0.878559 0.093940 0.892139 0.138420 0.891980
1 0.110320 0.701770 0.113831 0.712160 0.148761 0.712180 0.146361 0.702209
1 0.617649 0.499601 0.615740 0.511660 0.654041 0.512540 0.657369 0.500221
1 0.680950 0.354510 0.638889 0.354639 0.636319 0.369450 0.678170 0.369569
1 0.518000 0.498650 0.518721 0.510630 0.556839 0.509569 0.556760 0.497880
1 0.384690 0.351950 0.385889 0.366570 0.425950 0.366800 0.426471 0.352861
1 0.531090 0.354461 0.530469 0.368860 0.570971 0.369030 0.572360 0.354321
1 0.773179 0.501371 0.733030 0.502120 0.732299 0.514251 0.772180 0.512201 0.772250 0.510671 0.768091 0.506961 0.773779 0.506110
1 0.100521 0.490650 0.104769 0.503281 0.142899 0.504079 0.139741 0.491759
1 0.648371 0.889041 0.651130 0.902890 0.693849 0.902869 0.690591 0.889181
1 0.027540 0.487791 0.031629 0.500690 0.069351 0.501740 0.065170 0.489149
1 0.171270 0.607960 0.175420 0.617621 0.211870 0.617710 0.208919 0.608831
1 0.733280 0.355221 0.729930 0.370291 0.772250 0.369750 0.776139 0.354790
3 0.000000 0.890229 0.023191 0.890509 0.034169 0.877519 0.000000 0.876261
1 0.084729 0.607320 0.091501 0.616420 0.127430 0.616900 0.123471 0.607250
1 0.000000 0.606000 0.000000 0.614590 0.021790 0.614760 0.015509 0.606630
2 0.930411 0.875250 0.929321 0.881280 0.931020 0.891579 0.937911 0.894280 0.999769 0.895310 1.000000 0.878839 0.957470 0.875011
2 0.870219 0.368890 0.864169 0.382500 0.937199 0.383890 0.944650 0.370291
1 0.239830 0.348699 0.242640 0.363459 0.283800 0.364421 0.281501 0.349461
1 0.116331 0.353871 0.118889 0.367300 0.160310 0.371129 0.158520 0.356180
1 0.252351 0.494240 0.255929 0.507090 0.294281 0.506129 0.291221 0.493860
1 0.317810 0.494820 0.319851 0.507279 0.358200 0.506710 0.355901 0.494620
1 0.385560 0.496350 0.388121 0.508620 0.425451 0.507470 0.423401 0.496541 0.414199 0.495781
1 0.458429 0.497309 0.459449 0.509200 0.497549 0.509011 0.497040 0.497309
1 0.571440 0.499421 0.570420 0.511500 0.609020 0.511880 0.610301 0.499800
0 0.264370 0.617349 0.260530 0.624830 0.279199 0.625210 0.282780 0.617931
0 0.305789 0.617540 0.304260 0.624830 0.322150 0.624639 0.324711 0.617729
0 0.337491 0.617540 0.335700 0.623871 0.353350 0.624060 0.355140 0.617729
0 0.358709 0.617729 0.357439 0.624440 0.374820 0.624251 0.377120 0.617931
0 0.383000 0.617729 0.381209 0.624060 0.399881 0.624060 0.400390 0.617729
1 0.417010 0.617540 0.415481 0.624639 0.451529 0.624830 0.451011 0.617931
1 0.534881 0.618880 0.534111 0.625600 0.569391 0.625399 0.568371 0.619270
1 0.610810 0.619650 0.610810 0.626549 0.646611 0.626940 0.644050 0.620420
1 0.698249 0.622530 0.700810 0.628470 0.737120 0.629429 0.733791 0.622910
1 0.738191 0.892710 0.754041 0.904219 0.782930 0.890600 0.767080 0.878720
1 0.575579 0.887920 0.577369 0.900959 0.620061 0.901921 0.617509 0.888500
1 0.461800 0.885431 0.461029 0.898661 0.503480 0.899809 0.503730 0.886390
1 0.340049 0.882931 0.336730 0.896169 0.379169 0.897320 0.381471 0.883699
1 0.223459 0.879480 0.217330 0.892910 0.259260 0.894251 0.265390 0.880439
1 0.044741 0.700571 0.048319 0.710539 0.083350 0.711500 0.079519 0.701530
1 0.259769 0.726460 0.262841 0.732980 0.297351 0.732600 0.295310 0.726269
1 0.346440 0.726080 0.348231 0.732209 0.383000 0.732400 0.380451 0.726840
1 0.419820 0.727230 0.421361 0.732791 0.456130 0.732400 0.455110 0.727419
1 0.530271 0.727419 0.530530 0.732209 0.565049 0.732209 0.565301 0.727419
1 0.615161 0.728190 0.613109 0.733171 0.647890 0.733559 0.650439 0.728950
3 0.695829 0.880919 0.709111 0.874751 0.735047 0.891357 0.721130 0.898472
