1 0.189711 0.755030 0.188630 0.773311 0.195770 0.773510 0.210780 0.773109 0.235950 0.772950 0.235679 0.754049 0.211020 0.754550
1 0.670910 0.402691 0.654251 0.402969 0.620920 0.403130 0.621380 0.407740 0.622040 0.420229 0.673301 0.420399 0.672500 0.415790
1 0.754160 0.401560 0.732731 0.402290 0.704629 0.402360 0.704951 0.419820 0.755110 0.419879 0.754269 0.410380
1 0.902661 0.400390 0.903721 0.412869 0.904080 0.418650 0.953140 0.419181 0.951900 0.408311 0.951209 0.400191 0.927640 0.400240
3 0.999769 0.738620 0.958450 0.739499 0.961611 0.755781 0.962649 0.757349 0.999769 0.756829
1 0.620789 0.842201 0.622740 0.860390 0.667579 0.858941 0.665670 0.841120 0.631230 0.841929
3 0.965579 0.640030 0.967080 0.650180 0.967829 0.657390 1.000000 0.657180 1.000000 0.639499 0.978880 0.639359 0.971599 0.639580
3 0.000000 0.634020 0.000280 0.652120 0.011060 0.652330 0.019461 0.652360 0.020411 0.645480 0.021520 0.634181 0.008819 0.634079
2 0.144720 0.277411 0.145240 0.296180 0.242129 0.296770 0.242530 0.291320 0.242360 0.286471 0.242360 0.277279 0.176550 0.277621
2 0.272960 0.278281 0.272689 0.297481 0.368200 0.297691 0.367920 0.279111
2 0.418840 0.278699 0.512421 0.278901 0.513529 0.298510 0.419671 0.298311
2 0.708240 0.277659 0.800999 0.277659 0.802101 0.297279 0.709890 0.297691
2 0.845040 0.278281 0.845859 0.297069 0.936970 0.297069 0.935871 0.277460
1 0.800719 0.401730 0.849720 0.400490 0.853021 0.418860 0.802930 0.419480
1 0.522180 0.403381 0.522731 0.421339 0.572549 0.420930 0.571169 0.402761
1 0.435749 0.403591 0.485021 0.403179 0.485840 0.421549 0.435469 0.421140
1 0.159960 0.402761 0.158030 0.419900 0.210049 0.420720 0.212250 0.402349
1 0.306940 0.403790 0.357031 0.403591 0.357311 0.420720 0.306660 0.421339
1 0.071291 0.306560 0.075140 0.327411 0.097990 0.331129 0.093581 0.310070
1 0.175061 0.542519 0.225700 0.542309 0.224321 0.559450 0.173950 0.560679
1 0.229830 0.542101 0.279921 0.541490 0.279370 0.559650 0.229549 0.560060
1 0.292031 0.541070 0.340749 0.540040 0.340749 0.558620 0.291209 0.559240
1 0.453331 0.539421 0.500390 0.538801 0.501489 0.556560 0.453331 0.556759
1 0.645451 0.537560 0.693620 0.536940 0.694991 0.554701 0.646821 0.555320
1 0.828249 0.536120 0.831279 0.553459 0.879720 0.552840 0.875859 0.534470
1 0.186060 0.652341 0.231760 0.650690 0.230380 0.669890 0.185509 0.671129
1 0.240009 0.650900 0.238639 0.669270 0.287631 0.668440 0.287911 0.649450
1 0.317911 0.648421 0.317080 0.667201 0.364699 0.666789 0.365801 0.647799
1 0.383179 0.647799 0.382351 0.665959 0.429421 0.665350 0.429970 0.646970
1 0.438779 0.646770 0.443730 0.646350 0.443730 0.649240 0.485289 0.649240 0.485840 0.664520 0.438779 0.664520
1 0.508959 0.645320 0.508959 0.648211 0.505661 0.649041 0.505941 0.663489 0.552731 0.663489 0.551629 0.645320
1 0.584659 0.646150 0.586029 0.663071 0.632549 0.661840 0.630621 0.644701
1 0.644379 0.643880 0.690079 0.643669 0.692549 0.662460 0.646041 0.662460
1 0.716221 0.643669 0.762740 0.643459 0.765219 0.661220 0.718980 0.661420
1 0.834300 0.643260 0.836781 0.660180 0.883301 0.660390 0.879991 0.642840
1 0.381800 0.750399 0.427491 0.748540 0.428319 0.768150 0.382080 0.769590
1 0.548319 0.746269 0.592911 0.745240 0.594839 0.764230 0.549699 0.765469
1 0.634750 0.745439 0.680439 0.744410 0.682369 0.762780 0.636949 0.763400
1 0.734111 0.743580 0.779251 0.743381 0.780910 0.761339 0.736590 0.762160
1 0.832381 0.742341 0.876139 0.740900 0.878620 0.758860 0.834300 0.760299
1 0.691730 0.840399 0.735490 0.838750 0.737689 0.856710 0.693931 0.858150
1 0.768791 0.838130 0.812829 0.836891 0.815310 0.855060 0.771821 0.855679
1 0.835950 0.835650 0.879440 0.834620 0.881921 0.852990 0.838429 0.854030
1 0.920451 0.834830 0.961190 0.832969 0.964769 0.850930 0.922381 0.853410
3 0.962290 0.834210 0.999720 0.832969 0.999720 0.850720 0.965320 0.852171
2 0.007430 0.966560 0.088350 0.963249 0.087250 0.979981 0.007430 0.982869
2 0.222120 0.960781 0.301389 0.958300 0.300840 0.973780 0.222120 0.975019
2 0.012110 0.855910 0.010460 0.874280 0.093310 0.873661 0.094680 0.853640
2 0.370481 0.956029 0.448651 0.953550 0.448651 0.969860 0.370749 0.972131
2 0.477269 0.953761 0.555719 0.950660 0.555719 0.966759 0.477269 0.969041
2 0.662241 0.948599 0.663889 0.963459 0.740679 0.959949 0.739860 0.943230
3 0.938070 0.937659 0.940000 0.956441 0.999449 0.953761 0.999449 0.935180
1 0.515850 0.844561 0.559610 0.842899 0.560990 0.861280 0.516120 0.863550
1 0.418410 0.846829 0.462719 0.844970 0.463000 0.863960 0.418130 0.865410
1 0.205880 0.851161 0.209741 0.851161 0.211111 0.853850 0.217719 0.853850 0.230929 0.851570 0.251020 0.850340 0.250749 0.869329 0.204230 0.870571
1 0.307451 0.849510 0.350941 0.848270 0.350941 0.866850 0.306069 0.868090
3 0.025049 0.736999 0.022570 0.755790 0.000280 0.757031 0.000280 0.738039
3 0.041011 0.381940 0.054220 0.382349 0.053669 0.398039 0.039080 0.398871
3 0.985959 0.513440 0.999720 0.512820 0.999449 0.530980 0.989269 0.531190
