1 0.314729 0.548351 0.314659 0.542829 0.291550 0.543241 0.267260 0.543690 0.266181 0.560900 0.314729 0.559709 0.315000 0.556900
1 0.993520 0.287020 0.990430 0.286859 0.946711 0.287220 0.948880 0.294119 0.950161 0.300940 0.950731 0.303281 0.998140 0.302890 0.996029 0.294820
1 0.153179 0.546740 0.152330 0.556021 0.151489 0.564251 0.201081 0.562640 0.201949 0.560191 0.202850 0.547791 0.202610 0.545490 0.186221 0.545959 0.170600 0.546430
1 0.264851 0.649070 0.246599 0.649680 0.217670 0.650749 0.217281 0.661520 0.216961 0.669181 0.228520 0.669119 0.265040 0.667349
1 0.470640 0.544410 0.469729 0.538850 0.423810 0.539709 0.423919 0.544470 0.424400 0.553690 0.424391 0.556810 0.471349 0.555851 0.471069 0.552869
1 0.597241 0.645840 0.596471 0.639090 0.556249 0.639960 0.552670 0.640270 0.553690 0.655641 0.553639 0.657390 0.589260 0.656360 0.598459 0.656110 0.598039 0.650741
1 0.645481 0.734949 0.641870 0.734989 0.602260 0.736649 0.603819 0.748381 0.604430 0.754111 0.613130 0.753750 0.648079 0.752540 0.647110 0.744240
1 0.520850 0.642419 0.520980 0.640261 0.479650 0.641350 0.479629 0.644100 0.476120 0.644650 0.476669 0.659779 0.495100 0.659310 0.521471 0.658340 0.521480 0.654410
1 0.279309 0.415480 0.279309 0.424590 0.278940 0.427201 0.318590 0.426541 0.328840 0.426700 0.328971 0.423459 0.329220 0.415060 0.329120 0.409650 0.304519 0.409841 0.279531 0.409841
1 0.723340 0.640700 0.722759 0.635460 0.691860 0.635889 0.678560 0.636401 0.678950 0.639510 0.680819 0.654160 0.690280 0.653871 0.725359 0.653190
1 0.653420 0.534940 0.608301 0.536059 0.609409 0.545959 0.610009 0.552449 0.655761 0.551471 0.655380 0.548680
1 0.563310 0.740959 0.562841 0.737230 0.519269 0.738640 0.519421 0.745660 0.520640 0.757309 0.564570 0.755229
1 0.983170 0.404100 0.981930 0.400110 0.936431 0.400480 0.940049 0.417481 0.945929 0.417379 0.985761 0.415970 0.984930 0.411441
1 0.340100 0.646710 0.331069 0.646810 0.294080 0.647761 0.293240 0.665881 0.340670 0.664130 0.340801 0.658610
1 0.206069 0.548360 0.205920 0.552670 0.205621 0.562489 0.255091 0.561409 0.255521 0.551471 0.255231 0.543971 0.228441 0.544340 0.206690 0.544849
1 0.403359 0.650730 0.403319 0.644111 0.357680 0.646010 0.356909 0.663820 0.364230 0.663529 0.402841 0.661829 0.403210 0.658451
1 0.929869 0.509251 0.932439 0.521150 0.933240 0.525390 0.977549 0.524130 0.976489 0.518330 0.974561 0.509631 0.973800 0.507700 0.949129 0.508570 0.934190 0.509200
1 0.535079 0.408141 0.517670 0.408230 0.512540 0.408360 0.488070 0.408489 0.488109 0.411850 0.488550 0.423750 0.488681 0.425340 0.536459 0.424911 0.536660 0.423580
1 0.740661 0.731929 0.720901 0.732209 0.697701 0.733281 0.698091 0.736870 0.699921 0.750620 0.707750 0.750530 0.742710 0.749119 0.741781 0.741441
1 0.402960 0.749989 0.402939 0.743790 0.357880 0.745970 0.358130 0.750730 0.358149 0.764160 0.403161 0.761780 0.402841 0.756420
2 0.477229 0.302829 0.476111 0.290250 0.386611 0.290881 0.386690 0.294140 0.387199 0.308710 0.392369 0.308850 0.477801 0.308230
1 0.707281 0.407040 0.706991 0.405140 0.660749 0.406471 0.662141 0.420250 0.662740 0.422710 0.709750 0.421740 0.709239 0.418510
1 0.653121 0.636870 0.646541 0.637171 0.615850 0.638241 0.609239 0.638480 0.610859 0.655439 0.655770 0.654531 0.655231 0.651091
1 0.457750 0.645870 0.416730 0.646180 0.416419 0.643769 0.411270 0.643860 0.412000 0.661479 0.427871 0.661091 0.457351 0.660170 0.457281 0.656511
1 0.833569 0.728610 0.827820 0.728620 0.791050 0.730310 0.792290 0.739949 0.793219 0.747180 0.835530 0.745600 0.834820 0.737390
1 0.790000 0.634690 0.792430 0.648360 0.792789 0.651099 0.832820 0.650110 0.837000 0.650130 0.833931 0.633480 0.811940 0.634200
1 0.452990 0.410609 0.452479 0.408510 0.441790 0.408570 0.405521 0.409550 0.405359 0.423831 0.405170 0.425951 0.453721 0.425630 0.453560 0.421770
1 0.215600 0.756409 0.215691 0.752190 0.169991 0.753410 0.170170 0.755781 0.169699 0.768030 0.169409 0.771910 0.215880 0.770221 0.215649 0.767890
1 0.701730 0.825200 0.688581 0.825940 0.659421 0.827589 0.659589 0.831420 0.661151 0.844930 0.703709 0.842750 0.702810 0.834790
1 0.999769 0.812320 0.965430 0.814259 0.958880 0.814809 0.961851 0.829730 0.962421 0.831579 0.999519 0.829329
1 0.629769 0.408001 0.629659 0.406239 0.582421 0.407190 0.583800 0.423669 0.631370 0.423160
1 0.838009 0.818410 0.812689 0.820060 0.796870 0.821010 0.797451 0.825270 0.799540 0.838451 0.811169 0.837960 0.841011 0.836169 0.839741 0.828141
1 0.895140 0.408020 0.893931 0.402260 0.847920 0.402691 0.850049 0.417540 0.850399 0.419440 0.896751 0.418960 0.896181 0.416070
1 0.951730 0.724140 0.910500 0.725770 0.911209 0.729410 0.913499 0.739280 0.914449 0.742279 0.955700 0.740431
1 0.781261 0.532150 0.784430 0.548389 0.810240 0.548009 0.829869 0.547651 0.829370 0.545170 0.826611 0.531029 0.795579 0.531611 0.784601 0.532010
1 0.751699 0.404461 0.753800 0.418720 0.753971 0.421129 0.801520 0.419911 0.799650 0.407300 0.799010 0.403529 0.775621 0.403971 0.760201 0.404149
1 0.136139 0.413440 0.134421 0.425509 0.134290 0.427260 0.186029 0.427309 0.186340 0.425571 0.187369 0.410051 0.176011 0.410081 0.136781 0.409970
1 0.634251 0.830760 0.633660 0.828171 0.591510 0.830530 0.591611 0.833990 0.592010 0.840910 0.593070 0.847829 0.636221 0.845970
1 0.956471 0.628810 0.952089 0.628761 0.914001 0.629771 0.914750 0.634280 0.917719 0.646450 0.960670 0.645399
1 0.775509 0.824030 0.774851 0.822160 0.733219 0.824000 0.733429 0.825811 0.735990 0.841390 0.777701 0.839200 0.777311 0.836829
2 0.876720 0.286280 0.790999 0.287040 0.791419 0.295650 0.792141 0.304730 0.877990 0.303871 0.877631 0.298901
2 0.662631 0.291050 0.663450 0.303381 0.663389 0.306460 0.750910 0.305180 0.750600 0.302680 0.748651 0.287271 0.662220 0.288020
2 0.122899 0.289680 0.123039 0.294830 0.123301 0.307400 0.128000 0.307489 0.215649 0.308150 0.215430 0.289410
1 0.916629 0.817931 0.915959 0.816091 0.876979 0.818009 0.876979 0.819410 0.879629 0.833489 0.879951 0.835431 0.919939 0.833521 0.919071 0.830200
1 0.209799 0.651310 0.188219 0.651870 0.174729 0.652341 0.165810 0.653020 0.164790 0.661099 0.163669 0.671320 0.183529 0.670369 0.208950 0.669601
1 0.957731 0.816630 0.957320 0.814720 0.943060 0.814989 0.916769 0.816611 0.919750 0.832460 0.920131 0.833559 0.955411 0.831759 0.960250 0.831231
2 0.245310 0.289940 0.244930 0.301850 0.244790 0.308039 0.337789 0.308290 0.337920 0.304200 0.337430 0.293680 0.337129 0.290320
3 0.989479 0.400000 0.999750 0.399809 0.999869 0.415781 0.992859 0.416059
1 0.053870 0.319569 0.071291 0.322379 0.075040 0.341549 0.054120 0.339580 0.050240 0.318909
3 0.979951 0.627761 0.984090 0.644480 0.999620 0.643920 0.999620 0.627379
1 0.489230 0.835130 0.531450 0.833249 0.532820 0.850921 0.490231 0.852799
1 0.394760 0.839450 0.437740 0.837201 0.438989 0.855620 0.395640 0.857309
1 0.285889 0.844429 0.329741 0.841900 0.329491 0.860410 0.285640 0.862379
1 0.187299 0.848470 0.191060 0.848190 0.192311 0.850261 0.209851 0.847820 0.231270 0.846220 0.231650 0.864639 0.186669 0.866700
2 0.000000 0.857020 0.000250 0.875070 0.076050 0.871961 0.077670 0.854020
2 0.000000 0.966080 0.000131 0.981210 0.072159 0.977449 0.072040 0.962230
2 0.204330 0.955180 0.204330 0.970210 0.283140 0.967020 0.282640 0.951231
2 0.350040 0.948230 0.350539 0.963071 0.427089 0.959690 0.426839 0.944280
2 0.454150 0.943150 0.454519 0.958001 0.531450 0.954149 0.530941 0.939580
2 0.633800 0.933290 0.708091 0.928680 0.708971 0.943150 0.634799 0.947850
2 0.896891 0.918629 0.967680 0.914779 0.969680 0.930560 0.899020 0.933761
