2 0.964615 0.687500 0.961816 0.685221 0.905565 0.687850 0.902995 0.689429 0.902995 0.697481 0.905096 0.700980 0.962745 0.697651 0.965556 0.695380
2 0.253371 0.324930 0.253980 0.340811 0.336711 0.342430 0.335630 0.326331
2 0.568109 0.329820 0.568831 0.345650 0.642880 0.346280 0.641860 0.330700
2 0.760189 0.331689 0.761699 0.346730 0.831979 0.347290 0.829729 0.332449
2 0.938739 0.332630 0.939991 0.346541 0.999869 0.345790 0.999869 0.332449
2 0.926081 0.424149 0.929589 0.438620 0.993739 0.438249 0.989979 0.423780
2 0.638940 0.446231 0.639939 0.461269 0.711099 0.460420 0.709470 0.445200
2 0.422199 0.447920 0.423331 0.463620 0.498499 0.463241 0.496991 0.447551
2 0.259839 0.449989 0.260210 0.465590 0.340521 0.464739 0.340021 0.449049
3 0.201580 0.362139 0.210350 0.362511 0.212850 0.380180 0.204839 0.379989
2 0.055630 0.450650 0.055630 0.467560 0.143569 0.466619 0.143070 0.450081
2 0.084939 0.574111 0.084190 0.590741 0.165000 0.588020 0.163240 0.585671 0.165749 0.571859
2 0.288770 0.568190 0.289029 0.583510 0.367330 0.581350 0.366699 0.565660
2 0.460289 0.562651 0.461541 0.578340 0.533200 0.575620 0.531571 0.560870
2 0.690929 0.557950 0.693310 0.571579 0.761209 0.569790 0.758079 0.556541
2 0.933599 0.602400 0.937731 0.616579 0.998870 0.614140 0.994741 0.599860
2 0.640189 0.665261 0.707339 0.662530 0.710350 0.677279 0.642951 0.680100
2 0.487850 0.671269 0.557631 0.668071 0.559629 0.683389 0.489351 0.686681
2 0.266730 0.683300 0.266480 0.699650 0.344020 0.695609 0.343520 0.678971
3 0.020801 0.702560 0.021169 0.713360 0.000131 0.714680 0.000250 0.703780
2 0.000000 0.830530 0.057750 0.826210 0.056629 0.843690 0.000250 0.848100
2 0.284010 0.808920 0.284260 0.825180 0.358560 0.820291 0.357930 0.803941
2 0.371081 0.808360 0.371459 0.818979 0.443499 0.814090 0.443000 0.805350 0.411169 0.806570
2 0.483709 0.795299 0.484589 0.811269 0.553749 0.806479 0.552491 0.790790
2 0.628791 0.785431 0.630040 0.800369 0.695189 0.795671 0.693429 0.781301
2 0.723880 0.779140 0.725380 0.793699 0.788770 0.789470 0.787521 0.774911
2 0.893261 0.782239 0.895390 0.796520 0.954900 0.792290 0.952521 0.777820
2 0.956279 0.778009 0.958280 0.791730 1.000000 0.788820 0.999869 0.774720
2 0.907290 0.896870 0.910551 0.912279 0.969930 0.906169 0.966800 0.891331
3 0.985091 0.890579 0.988100 0.904760 1.000000 0.902980 1.000000 0.888880
2 0.721501 0.914820 0.723880 0.931450 0.788901 0.924870 0.785770 0.908801
2 0.570780 0.928909 0.573669 0.945819 0.642070 0.939149 0.638940 0.922799
2 0.273490 0.956630 0.273490 0.973831 0.350539 0.966681 0.349909 0.949580
2 0.016041 0.982239 0.014659 1.000000 0.098219 0.992110 0.098849 0.974160
2 0.918950 0.515501 0.922820 0.529911 0.984939 0.528090 0.979921 0.513780
