2 0.468950 0.747020 0.467689 0.742899 0.396361 0.744750 0.395439 0.753381 0.395061 0.760851 0.468639 0.760151
2 0.362281 0.458860 0.365079 0.461479 0.416431 0.461310 0.438135 0.460711 0.439309 0.449580 0.435810 0.446080 0.364851 0.445200
2 0.682771 0.743521 0.681389 0.740350 0.662619 0.740480 0.612750 0.741070 0.610640 0.743521 0.611809 0.755951 0.612460 0.757880 0.683761 0.757080
3 1.000000 0.464400 0.960240 0.464219 0.947479 0.464720 0.950040 0.478200 0.950810 0.480121 1.000000 0.480469
2 0.334269 0.447300 0.263070 0.445380 0.258401 0.447300 0.257470 0.458860 0.274041 0.460781 0.331930 0.460431 0.334970 0.458510
2 0.350140 0.845410 0.349951 0.837810 0.306641 0.838831 0.278380 0.839841 0.275780 0.850509 0.349440 0.849440
2 0.981559 0.747020 0.978880 0.735881 0.973490 0.735579 0.928700 0.736280 0.912199 0.736681 0.911641 0.752640 0.981949 0.752120
3 0.000000 0.525040 0.000000 0.541780 0.006139 0.541950 0.015609 0.541339 0.018441 0.537990 0.019610 0.529760 0.018441 0.525741 0.017269 0.525040
1 0.040789 0.341199 0.085880 0.340660 0.085521 0.357570 0.040079 0.357300
1 0.109491 0.341199 0.154220 0.341199 0.153499 0.358100 0.109129 0.357829
1 0.050810 0.423580 0.094820 0.423580 0.092320 0.439421 0.047591 0.439690
1 0.138121 0.424119 0.182491 0.424660 0.181769 0.440490 0.136690 0.440221
2 0.237591 0.342271 0.236879 0.358370 0.315240 0.359440 0.315950 0.344149
2 0.394309 0.345490 0.315240 0.344680 0.314519 0.359181 0.394671 0.361320
2 0.569650 0.346560 0.645500 0.347101 0.647290 0.362131 0.571081 0.361859
2 0.484839 0.446390 0.485560 0.461961 0.560700 0.461961 0.558910 0.445590
2 0.661599 0.446390 0.662680 0.461689 0.738179 0.461961 0.736029 0.445590
1 0.943459 0.347640 0.983179 0.348171 0.986760 0.363200 0.945971 0.363200
3 0.991050 0.349251 1.000000 0.348710 1.000000 0.362931 0.993919 0.362931
3 0.996060 0.559639 0.999281 0.574400 0.957780 0.574940 0.957061 0.571991 0.961711 0.566891 0.960999 0.560450
1 0.913051 0.382519 0.927719 0.381180 0.924860 0.397279 0.910551 0.397551
1 0.066200 0.525560 0.109851 0.524760 0.108060 0.541129 0.063331 0.541660
1 0.158161 0.524491 0.200740 0.523950 0.200380 0.539520 0.155289 0.539779
2 0.261921 0.561250 0.336349 0.559911 0.335990 0.576280 0.261209 0.577621
2 0.372491 0.561250 0.371410 0.576010 0.446909 0.575480 0.445481 0.559911
2 0.253690 0.655989 0.251550 0.671010 0.326690 0.669400 0.327759 0.654380
1 0.027190 0.621900 0.025049 0.637740 0.067631 0.636929 0.070850 0.621640
2 0.482701 0.651689 0.553901 0.650620 0.555691 0.666991 0.483410 0.667530
2 0.585030 0.650889 0.656949 0.650081 0.658380 0.667530 0.585390 0.667530
2 0.699169 0.650350 0.770740 0.650350 0.772171 0.666450 0.699890 0.666719
3 0.997141 0.650081 1.000000 0.666180 0.952771 0.666450 0.950980 0.650350
2 0.253950 0.746689 0.326230 0.745081 0.326230 0.761719 0.252880 0.763060
2 0.521239 0.829079 0.522311 0.845720 0.592451 0.844111 0.591370 0.827470
2 0.684409 0.825860 0.684760 0.841961 0.753459 0.840889 0.752750 0.824251
2 0.903389 0.822370 0.906611 0.839280 0.973880 0.838200 0.968149 0.820760
2 0.907330 0.919491 0.908761 0.932910 0.975310 0.930760 0.972810 0.915730
2 0.553945 0.929613 0.554666 0.947563 0.626296 0.944797 0.623931 0.926740
2 0.265040 0.938009 0.273270 0.941500 0.273630 0.952770 0.276489 0.954650 0.331599 0.953300 0.332311 0.935590
1 0.074071 0.822610 0.072281 0.839251 0.030770 0.839790 0.031851 0.831740
1 0.089811 0.822341 0.131319 0.821000 0.129890 0.838179 0.088380 0.838710
1 0.172470 0.820200 0.171041 0.836570 0.211830 0.836029 0.213261 0.819391
3 0.000359 0.943640 0.047951 0.942570 0.046520 0.959210 0.000719 0.960819
2 0.079750 0.714350 0.077591 0.730720 0.153021 0.729750 0.155390 0.712080
3 0.000219 0.714841 0.052731 0.714350 0.050789 0.731050 0.000219 0.732341
