2 0.946550 0.784491 0.941440 0.803510 0.999769 0.822300 0.999510 0.799470 0.971291 0.791091
2 0.176940 0.362290 0.173810 0.370089 0.187841 0.368489 0.190719 0.360509
2 0.210140 0.357589 0.207390 0.366520 0.223301 0.364730 0.226300 0.355900
2 0.242211 0.353650 0.239211 0.362390 0.257871 0.360509 0.260761 0.351390
0 0.296590 0.362290 0.298219 0.373001 0.312120 0.372820 0.309991 0.361821
1 0.339430 0.341339 0.335551 0.351390 0.349960 0.350081 0.352785 0.343220 0.354720 0.338521
1 0.358480 0.338521 0.354839 0.349610 0.370880 0.347820 0.374641 0.336360
1 0.388919 0.333920 0.384790 0.345660 0.402199 0.344060 0.402719 0.341250 0.406331 0.331850
1 0.412470 0.331190 0.407710 0.343410 0.426501 0.341339 0.431520 0.328470
1 0.487890 0.320951 0.482759 0.334671 0.506310 0.331660 0.511571 0.317659
2 0.546900 0.312770 0.541641 0.326770 0.591751 0.320671 0.596891 0.305450
1 0.624199 0.301500 0.619190 0.317570 0.651760 0.314000 0.657019 0.297551
2 0.742339 0.283360 0.739461 0.294251 0.738709 0.301401 0.818261 0.291350 0.819540 0.280299 0.821641 0.271530
2 0.879230 0.262600 0.875600 0.284300 0.977570 0.270959 0.979029 0.259660 0.981081 0.247939
3 0.956029 0.365770 0.952141 0.388130 1.000000 0.387190 0.999869 0.364550
3 0.823350 0.372250 0.819839 0.391891 0.884491 0.389730 0.887871 0.368591
3 0.742421 0.376670 0.739290 0.394520 0.795539 0.393020 0.799671 0.373941
1 0.645579 0.403731 0.643319 0.420170 0.676769 0.419510 0.678401 0.402791
1 0.680161 0.403351 0.678280 0.419800 0.712101 0.419610 0.713861 0.402700
1 0.565521 0.406360 0.563520 0.420550 0.590329 0.420641 0.592330 0.405329
1 0.499500 0.406921 0.497369 0.420450 0.519921 0.420741 0.522049 0.407110
1 0.356431 0.409841 0.355049 0.420270 0.369711 0.420641 0.370831 0.409650
1 0.379601 0.409270 0.377850 0.420641 0.393889 0.420450 0.394760 0.408990
1 0.416809 0.408610 0.415310 0.420550 0.433231 0.420741 0.434729 0.408330
1 0.444120 0.408050 0.442871 0.420450 0.462040 0.420641 0.463289 0.407680
3 0.314711 0.397150 0.325231 0.396780 0.324360 0.402880 0.316340 0.404011
2 0.274741 0.398470 0.273121 0.408141 0.292911 0.407861 0.294409 0.398001
2 0.245049 0.399499 0.244300 0.408801 0.261970 0.408330 0.263471 0.399219
2 0.222631 0.400630 0.221870 0.409181 0.237911 0.408801 0.238791 0.400159
2 0.197701 0.401290 0.196440 0.409550 0.211099 0.409370 0.211979 0.401000
2 0.180030 0.402511 0.179150 0.409739 0.192810 0.409550 0.194059 0.401850
2 0.190301 0.440940 0.188301 0.448739 0.201961 0.449580 0.204960 0.442069
2 0.213611 0.442250 0.210719 0.450240 0.226510 0.451740 0.227010 0.448079 0.228889 0.443190
2 0.248179 0.444230 0.244930 0.452589 0.262969 0.453810 0.265850 0.445450
3 0.291459 0.446541 0.288371 0.454919 0.297400 0.456161 0.296450 0.446541
3 0.197470 0.478150 0.196641 0.486169 0.206851 0.487680 0.208749 0.480280
1 0.212439 0.479930 0.211011 0.488130 0.219211 0.489280 0.220630 0.481710
1 0.223599 0.481980 0.221940 0.489820 0.230609 0.491070 0.232159 0.483230
1 0.242969 0.484289 0.241541 0.492850 0.250570 0.494359 0.252110 0.485630
1 0.278840 0.489020 0.277421 0.498281 0.288109 0.499890 0.289409 0.490261
2 0.204711 0.514049 0.202220 0.521710 0.215521 0.524739 0.218490 0.517621
2 0.219211 0.517791 0.216361 0.525011 0.230850 0.528750 0.233700 0.520730
2 0.236190 0.521450 0.232990 0.529380 0.248791 0.533030 0.252110 0.524650
2 0.267789 0.528130 0.264230 0.536500 0.282521 0.540509 0.285380 0.531780
2 0.369839 0.525369 0.368060 0.535520 0.394900 0.540509 0.394750 0.537820 0.395380 0.534100 0.396571 0.529911
2 0.417120 0.533120 0.415341 0.544429 0.446099 0.550140 0.446169 0.544860 0.448000 0.538381
2 0.475679 0.543190 0.473779 0.555390 0.510731 0.562341 0.510889 0.556719 0.512150 0.549779
2 0.541970 0.554499 0.539951 0.567780 0.584260 0.576331 0.586641 0.561810
1 0.764111 0.550579 0.761261 0.567691 0.801891 0.573570 0.805460 0.556021
3 0.839391 0.647610 0.833569 0.666409 0.899141 0.681110 0.905320 0.662570
3 0.984199 0.678171 0.979449 0.699280 1.000000 0.702931 0.999760 0.681021
3 0.764080 0.632460 0.759561 0.649391 0.814440 0.661950 0.820030 0.644841
2 0.641599 0.690641 0.639461 0.705250 0.694461 0.723340 0.696239 0.707481
2 0.553810 0.662931 0.551669 0.676210 0.595630 0.690910 0.597880 0.676560
2 0.484321 0.641730 0.481699 0.653661 0.518051 0.665600 0.520310 0.652770
2 0.385359 0.611611 0.383219 0.621770 0.410189 0.630679 0.412089 0.619809
2 0.319190 0.585509 0.316821 0.590851 0.337719 0.597621 0.339860 0.592899
2 0.279041 0.569470 0.275000 0.578020 0.293179 0.583810 0.297220 0.575261
2 0.214300 0.551471 0.211681 0.558599 0.225700 0.562880 0.226431 0.558930 0.228669 0.555660
2 0.240910 0.558960 0.237579 0.566530 0.253739 0.571611 0.254090 0.569380 0.255990 0.563500
2 0.219050 0.576780 0.215719 0.583810 0.229741 0.588540 0.232829 0.581940
2 0.257421 0.590140 0.253739 0.597621 0.269890 0.603680 0.273810 0.595571
2 0.282600 0.598510 0.279160 0.606891 0.297330 0.613661 0.300420 0.605019
2 0.323511 0.613020 0.321821 0.617750 0.320021 0.621549 0.340749 0.629321 0.344461 0.620200
2 0.351270 0.654200 0.349510 0.663360 0.372409 0.673039 0.374010 0.663690
1 0.326949 0.644119 0.325271 0.653540 0.336501 0.658179 0.338359 0.648699
1 0.307491 0.636430 0.305021 0.645121 0.315810 0.649300 0.317400 0.640340
1 0.276361 0.624219 0.274769 0.632511 0.283791 0.636091 0.285649 0.628071
1 0.245579 0.612080 0.243541 0.619510 0.251590 0.623090 0.253889 0.615329
1 0.223639 0.603521 0.221790 0.610291 0.230100 0.614000 0.230371 0.610930 0.231599 0.606640
2 0.206930 0.658451 0.206041 0.665280 0.217890 0.672050 0.220460 0.665881
2 0.224090 0.667939 0.222049 0.674499 0.236200 0.682131 0.238940 0.675299
2 0.242570 0.677020 0.239391 0.684189 0.255840 0.693281 0.259549 0.686579
2 0.276270 0.694671 0.273091 0.702500 0.290509 0.712320 0.293779 0.704620
2 0.304400 0.709660 0.300329 0.717890 0.321380 0.729100 0.324921 0.720609
2 0.332701 0.725520 0.329690 0.734410 0.351361 0.745819 0.354811 0.737120
2 0.378070 0.751649 0.375420 0.761339 0.400810 0.776000 0.403550 0.764790
2 0.415579 0.772950 0.412570 0.783030 0.441669 0.799809 0.444760 0.788200
2 0.535509 0.838950 0.532061 0.850291 0.573100 0.873780 0.577171 0.861040
2 0.481909 0.809561 0.478550 0.820180 0.514281 0.840539 0.518350 0.828739
2 0.632451 0.891091 0.627850 0.904289 0.680740 0.933480 0.684281 0.918690
2 0.740119 0.941339 0.736711 0.954701 0.801909 0.991380 0.806200 0.973941
2 0.905871 0.871120 0.898280 0.890070 0.988499 0.926269 0.993810 0.908739
2 0.773700 0.820420 0.765231 0.835490 0.835740 0.864200 0.841930 0.850930 0.787600 0.831511 0.787470 0.825060
2 0.654290 0.776350 0.647089 0.773039 0.643051 0.787250 0.696501 0.809520 0.699400 0.799189 0.655810 0.784219
2 0.558639 0.737780 0.601860 0.755121 0.597939 0.768871 0.554851 0.750951
2 0.497740 0.713330 0.534641 0.727640 0.530971 0.740530 0.494580 0.725940
2 0.398800 0.674289 0.395009 0.684709 0.422180 0.695520 0.425341 0.684709
2 0.781520 0.734049 0.778359 0.751420 0.850490 0.774720 0.854440 0.756360
2 0.362899 0.477621 0.357439 0.487320 0.384860 0.489890 0.389531 0.479491
2 0.392180 0.479730 0.387190 0.490121 0.416480 0.493160 0.421300 0.482061
2 0.423800 0.482411 0.419589 0.493281 0.451681 0.496780 0.456349 0.484631
2 0.466160 0.485800 0.461641 0.497131 0.497939 0.501099 0.503231 0.489070
2 0.515999 0.489660 0.510710 0.502621 0.552759 0.506829 0.558060 0.493629
1 0.576120 0.494800 0.570359 0.508699 0.597150 0.511380 0.602600 0.497370
1 0.645439 0.501099 0.639979 0.515121 0.671599 0.518389 0.677521 0.503440
1 0.682500 0.504259 0.677211 0.519911 0.711790 0.523300 0.717859 0.507761
1 0.631730 0.499820 0.625971 0.514540 0.597930 0.511619 0.603380 0.497250
1 0.746050 0.464070 0.742159 0.481010 0.782661 0.483699 0.786860 0.465711
1 0.795889 0.465830 0.791690 0.483820 0.836081 0.486850 0.840280 0.468050
1 0.884050 0.469329 0.880000 0.489070 0.932019 0.492460 0.936541 0.472250
3 0.992061 0.474701 0.987701 0.496080 0.999839 0.496430 0.999839 0.474820
