3 0.000000 0.714480 0.000000 0.729739 0.030201 0.731350 0.033149 0.716390
3 0.426069 0.431759 0.426471 0.450060 0.450749 0.450110 0.450929 0.431549
2 0.000551 0.454940 0.000280 0.469919 0.072360 0.470590 0.072250 0.455221
2 0.599211 0.876929 0.598340 0.893071 0.646440 0.896929 0.678471 0.899520 0.678669 0.882349
1 0.077521 0.233211 0.081921 0.253650 0.106970 0.255299 0.109991 0.255501 0.106419 0.235480 0.100091 0.235690
2 0.125679 0.200180 0.125411 0.218971 0.211011 0.214219 0.212390 0.195431
2 0.292479 0.191301 0.290831 0.209060 0.381111 0.204520 0.383039 0.185940
2 0.589190 0.174580 0.588371 0.192960 0.692689 0.187791 0.692141 0.169011
2 0.733700 0.166331 0.733971 0.185520 0.842689 0.181190 0.841870 0.160749
2 0.869671 0.160340 0.870770 0.179119 0.983620 0.175200 0.983070 0.154350
2 0.677689 0.281719 0.677409 0.302160 0.778429 0.298030 0.778980 0.277180
1 0.617141 0.283370 0.661730 0.282341 0.662281 0.302980 0.617409 0.305051
2 0.829351 0.276150 0.829351 0.297201 0.935871 0.294310 0.936139 0.272640
2 0.145371 0.299060 0.145920 0.317850 0.227390 0.314750 0.226839 0.296590
2 0.340240 0.293699 0.341340 0.313311 0.428870 0.310620 0.428590 0.290191
1 0.038261 0.346541 0.037981 0.364499 0.080100 0.363470 0.082299 0.345299
2 0.330289 0.432829 0.330570 0.449350 0.412591 0.450170 0.412320 0.432419
2 0.172850 0.432209 0.173130 0.449350 0.251020 0.449760 0.250749 0.432829
2 0.082299 0.548850 0.078441 0.564739 0.010731 0.563500 0.014860 0.548230
2 0.205880 0.569280 0.205609 0.585380 0.279921 0.587040 0.279921 0.570730
2 0.222159 0.691900 0.222439 0.707799 0.292351 0.711719 0.291249 0.695830
2 0.069641 0.718330 0.067430 0.733400 0.132390 0.737530 0.133219 0.722040
2 0.230929 0.846320 0.229830 0.861390 0.297810 0.867370 0.298639 0.851681
2 0.703840 0.429940 0.703840 0.449550 0.801270 0.448731 0.800719 0.428909
2 0.064143 0.642581 0.057729 0.658617 0.126146 0.662626 0.128284 0.644184
