2 0.840939 0.456349 0.840608 0.461560 0.841601 0.463539 0.853171 0.463539 0.901789 0.460570 0.904101 0.460069 0.905751 0.458579 0.908069 0.449400 0.906081 0.447170 0.844249 0.450640 0.841931 0.452629
1 0.601190 0.469990 0.600860 0.477431 0.602510 0.479169 0.630618 0.478420 0.633271 0.477681 0.634259 0.476190 0.635579 0.465769 0.633929 0.463790 0.606809 0.464529 0.602179 0.465769
1 0.000000 0.625811 0.000000 0.640940 0.045880 0.632649 0.043651 0.621840
1 0.232140 0.485370 0.232140 0.496280 0.232470 0.498259 0.234130 0.499499 0.265870 0.498509 0.273479 0.497520 0.275790 0.495541 0.275460 0.485370 0.274471 0.483130 0.272490 0.482140 0.234130 0.482889
1 0.024140 0.718011 0.024140 0.731399 0.026462 0.733879 0.046961 0.731890 0.057920 0.730280 0.071680 0.728559 0.072751 0.724209 0.072421 0.713539 0.071680 0.713500 0.053899 0.714789 0.044729 0.715221 0.025460 0.716520
2 0.919802 0.797800 0.942219 0.792589 0.982302 0.785330 0.971319 0.768041 0.958221 0.770270 0.952470 0.771260 0.908899 0.778879
1 0.538029 0.470491 0.537698 0.481151 0.539679 0.483130 0.567791 0.481649 0.571101 0.480900 0.572090 0.479911 0.573409 0.470241 0.572751 0.468249 0.571101 0.467009 0.564150 0.468011 0.541009 0.468750
2 0.190810 0.648311 0.191141 0.661709 0.192460 0.663690 0.213962 0.661709 0.279841 0.654149 0.277540 0.638239 0.193449 0.646329
1 0.022821 0.794640 0.022821 0.805310 0.023810 0.806801 0.026462 0.807289 0.036379 0.805060 0.047288 0.804070 0.054229 0.802081 0.068118 0.800099 0.070771 0.796880 0.067791 0.786949 0.049600 0.788690 0.039679 0.790920 0.025460 0.792411
1 0.303571 0.481399 0.303241 0.494541 0.304891 0.495779 0.311181 0.496280 0.320440 0.495290 0.338621 0.495541 0.341931 0.494789 0.343581 0.493301 0.343919 0.480409 0.341931 0.478671 0.309190 0.479410 0.306551 0.479660
1 0.462629 0.474139 0.462629 0.484809 0.463621 0.487530 0.464950 0.488031 0.491071 0.486791 0.498019 0.485801 0.499011 0.484561 0.499011 0.473400 0.497351 0.470920 0.494051 0.470419 0.481481 0.472160 0.466601 0.472649
1 0.170969 0.486860 0.170301 0.487850 0.171300 0.498021 0.172619 0.501491 0.174269 0.502230 0.203370 0.501741 0.213621 0.500739 0.216601 0.499010 0.215939 0.487599 0.213621 0.483879 0.189481 0.485620 0.174600 0.485620
1 0.018519 0.918400 0.000000 0.921379 0.000000 0.938001 0.017530 0.935521 0.025129 0.933529 0.043320 0.930801 0.044970 0.929809 0.045632 0.927329 0.043320 0.915920
2 0.944778 0.445680 0.944441 0.452381 0.946101 0.454120 0.972550 0.453730 0.990899 0.450719 0.990331 0.442550 0.949739 0.443199 0.946429 0.443700
2 0.513889 0.613100 0.513889 0.626491 0.515539 0.627981 0.538690 0.626491 0.553571 0.623760 0.569431 0.622760 0.581680 0.621280 0.583330 0.618549 0.582341 0.610861 0.580890 0.609851 0.552579 0.607639 0.539349 0.609129 0.531749 0.610861 0.517199 0.611860
1 0.378641 0.477431 0.378641 0.489340 0.380291 0.492061 0.394180 0.492061 0.415010 0.490330 0.417331 0.487850 0.417001 0.477180 0.414679 0.475201 0.408069 0.476190 0.379960 0.476441
2 0.217589 0.907991 0.218581 0.927081 0.219580 0.930060 0.221230 0.930561 0.234130 0.928819 0.252312 0.924601 0.268519 0.922619 0.292001 0.917160 0.319441 0.912450 0.322751 0.911210 0.324401 0.907741 0.321101 0.894591 0.321759 0.890379 0.317130 0.888140 0.303241 0.889630 0.285711 0.894350 0.242391 0.901039 0.226190 0.905260 0.220241 0.906000
2 0.582011 0.840280 0.580360 0.842510 0.586310 0.853170 0.588290 0.858879 0.591931 0.859871 0.599871 0.859129 0.618720 0.854410 0.629299 0.852929 0.636571 0.850201 0.646839 0.848120 0.669200 0.841669 0.664679 0.829120 0.661710 0.824901 0.655420 0.824159 0.641531 0.826880 0.632609 0.827629 0.603839 0.835570 0.594911 0.837550 0.587302 0.838291
1 0.668651 0.463291 0.668320 0.474449 0.669640 0.475201 0.698079 0.473961 0.700400 0.472470 0.701389 0.463051 0.699401 0.459819 0.688819 0.459571 0.683528 0.460811 0.672619 0.461310 0.669640 0.462051
2 0.799950 0.580610 0.799600 0.594251 0.856720 0.587061 0.857288 0.575449
