1 0.958959 0.269100 0.911940 0.269480 0.912990 0.285361 0.916221 0.285970 0.960189 0.285170
1 0.946081 0.360641 0.943739 0.358890 0.900250 0.360229 0.900640 0.363281 0.901961 0.375700 0.902351 0.377419 0.947710 0.376689 0.947710 0.373769
3 0.999979 0.790180 0.980371 0.790660 0.964519 0.791649 0.964519 0.794639 0.965640 0.805600 0.965670 0.807330 0.999979 0.805951
0 0.456760 0.808680 0.456580 0.810399 0.456541 0.815870 0.456790 0.821530 0.456800 0.826700 0.478289 0.826161 0.477591 0.810399 0.477500 0.808150 0.470119 0.808120
1 0.857141 0.271180 0.856169 0.269391 0.810920 0.270130 0.809519 0.271530 0.811620 0.284841 0.812281 0.286780 0.858371 0.286050 0.858840 0.283440
3 1.000000 0.700140 0.972820 0.701891 0.974491 0.710110 0.975490 0.716420 0.976361 0.718529 1.000000 0.717820
1 0.792479 0.271360 0.790850 0.269960 0.744811 0.270420 0.746730 0.287110 0.794470 0.286471 0.793880 0.283260
1 0.217040 0.273459 0.216520 0.291840 0.263770 0.292370 0.266340 0.290970 0.265950 0.274100
1 0.020749 0.301681 0.023499 0.321530 0.048700 0.322640 0.043831 0.302950
1 0.097390 0.275630 0.096120 0.292309 0.146300 0.292470 0.146300 0.274680
1 0.151169 0.275320 0.150959 0.292309 0.201349 0.291991 0.201559 0.273570
1 0.287951 0.274359 0.288161 0.291829 0.337701 0.291360 0.336221 0.273410
1 0.358880 0.275159 0.359510 0.291511 0.408000 0.291829 0.407360 0.273731
1 0.424090 0.274841 0.424300 0.291360 0.472360 0.290881 0.471510 0.273570
1 0.494589 0.273731 0.495231 0.290881 0.543709 0.290399 0.542649 0.272780
3 0.555149 0.272780 0.555990 0.290240 0.618660 0.289771 0.617390 0.271980
1 0.622479 0.271980 0.623749 0.289610 0.671380 0.288971 0.669690 0.271350
3 0.673079 0.271029 0.674141 0.288500 0.737439 0.287390 0.735959 0.270240
2 0.877619 0.488100 0.880591 0.505250 0.959769 0.503510 0.956599 0.486199
2 0.872540 0.589251 0.874659 0.606091 0.951730 0.604499 0.949610 0.587829
3 0.987080 0.587190 0.988989 0.603699 0.999790 0.603230 0.999790 0.587031
2 0.877409 0.703901 0.880161 0.720579 0.956169 0.718990 0.952570 0.702160
1 0.871270 0.793941 0.872750 0.810299 0.913401 0.809181 0.911921 0.793620
1 0.876991 0.925110 0.878889 0.942411 0.919760 0.940509 0.917430 0.923521
1 0.795469 0.925420 0.796949 0.941140 0.838880 0.939079 0.838030 0.923521
1 0.744020 0.928120 0.745289 0.943529 0.787640 0.942411 0.786370 0.926380
3 0.487619 0.937810 0.488471 0.954800 0.558340 0.951940 0.557701 0.934631
3 0.563840 0.934631 0.565329 0.951310 0.626510 0.948610 0.625030 0.932090
1 0.633931 0.931929 0.634561 0.948451 0.676690 0.947020 0.676060 0.930501
1 0.688971 0.930030 0.690670 0.946220 0.733009 0.943529 0.731319 0.928120
1 0.404409 0.941250 0.404629 0.957761 0.448030 0.956331 0.448030 0.939660
1 0.315910 0.945530 0.315490 0.960781 0.359741 0.959189 0.360161 0.943629
1 0.254921 0.945851 0.254921 0.963480 0.298959 0.961730 0.298529 0.944259
1 0.161550 0.950140 0.161120 0.967449 0.205591 0.965380 0.205591 0.947279
1 0.083000 0.955860 0.082360 0.972370 0.124921 0.971099 0.125980 0.953470
1 0.043620 0.957131 0.042981 0.973640 0.000210 0.975229 0.000210 0.958710
1 0.082150 0.956010 0.081510 0.972370 0.042561 0.973960 0.043191 0.958079
0 0.798219 0.797540 0.802250 0.814531 0.823210 0.813890 0.819610 0.796430
0 0.744869 0.799280 0.749531 0.816590 0.770490 0.816269 0.765411 0.798009
0 0.693840 0.800870 0.696169 0.818020 0.716921 0.817540 0.714169 0.799760
0 0.645780 0.802780 0.647260 0.819610 0.668231 0.819450 0.666949 0.802139
0 0.613599 0.803890 0.633499 0.802780 0.636681 0.820240 0.616139 0.821511
0 0.582049 0.804680 0.602801 0.803731 0.604500 0.821991 0.583319 0.822150
0 0.551559 0.805480 0.572951 0.804680 0.574641 0.822791 0.553471 0.823580
0 0.527850 0.806910 0.548599 0.806110 0.550079 0.823580 0.528700 0.824210
0 0.494820 0.807861 0.515149 0.807220 0.516419 0.824531 0.495460 0.825480
0 0.160079 0.817861 0.158599 0.835490 0.179979 0.833901 0.181041 0.817390
0 0.252290 0.815539 0.231139 0.816500 0.228520 0.834210 0.245880 0.833591 0.250959 0.833459
0 0.202640 0.816751 0.224659 0.816269 0.222540 0.834380 0.200310 0.834380
0 0.264251 0.815000 0.262771 0.833109 0.284790 0.832150 0.285640 0.814370
0 0.300030 0.814049 0.321629 0.813421 0.320780 0.830881 0.298761 0.831999
0 0.329461 0.813100 0.350420 0.812460 0.350420 0.829610 0.328620 0.830720
0 0.362701 0.811991 0.383669 0.811350 0.383240 0.828979 0.361431 0.829771
0 0.390859 0.811190 0.412460 0.810399 0.412670 0.828340 0.390859 0.829140
0 0.421991 0.810240 0.442951 0.809760 0.443161 0.827390 0.421559 0.827551
0 0.016730 0.827390 0.038749 0.826759 0.037899 0.843901 0.016090 0.844060
0 0.050180 0.826441 0.071781 0.825480 0.071139 0.842950 0.049330 0.843591
0 0.099930 0.824531 0.121319 0.823739 0.121319 0.841210 0.099090 0.841840
0 0.150110 0.726401 0.171711 0.725439 0.171069 0.742910 0.149690 0.744020
0 0.172771 0.725439 0.193940 0.724329 0.193310 0.742910 0.171501 0.743230
0 0.199230 0.724491 0.220831 0.724329 0.219769 0.742279 0.197750 0.742750
0 0.228880 0.723860 0.250679 0.723060 0.249839 0.741161 0.228030 0.742120
0 0.257670 0.722740 0.279059 0.721471 0.278630 0.740210 0.256821 0.740851
0 0.313569 0.721161 0.334951 0.720361 0.334741 0.738311 0.313140 0.739100
0 0.361200 0.719730 0.361629 0.737349 0.383441 0.736401 0.382591 0.718930
0 0.446739 0.716710 0.468550 0.716390 0.468971 0.733071 0.447381 0.733860
0 0.499251 0.714170 0.520420 0.714011 0.521060 0.731640 0.499890 0.732589
0 0.562129 0.713220 0.582880 0.712110 0.584580 0.729730 0.563401 0.730530
0 0.639839 0.711150 0.660801 0.710830 0.663130 0.728141 0.641319 0.728941
0 0.692561 0.709879 0.713940 0.708610 0.715850 0.726870 0.694461 0.727031
0 0.719449 0.708290 0.740411 0.707820 0.742311 0.726239 0.720719 0.726239
0 0.748240 0.707820 0.750990 0.725921 0.771949 0.725291 0.770049 0.707341
0 0.778940 0.707020 0.781690 0.724329 0.802439 0.724011 0.800110 0.707020
0 0.723700 0.632869 0.725600 0.650019 0.747829 0.649860 0.745289 0.632869
0 0.637101 0.634930 0.658490 0.634140 0.660810 0.651450 0.638161 0.651759
0 0.586291 0.635571 0.607670 0.634771 0.609150 0.652400 0.587771 0.652869
0 0.534199 0.636840 0.555801 0.636520 0.557070 0.653669 0.534629 0.653831
0 0.423051 0.639849 0.422829 0.656530 0.445070 0.656530 0.445070 0.639219
0 0.368210 0.641280 0.368000 0.659070 0.390021 0.658270 0.390439 0.640650
0 0.313581 0.643351 0.313371 0.660340 0.335810 0.659860 0.336239 0.642869
3 0.005079 0.651450 0.003389 0.668750 0.016510 0.668281 0.020110 0.650650
0 0.139531 0.648591 0.157311 0.647630 0.156471 0.665420 0.130000 0.666210 0.144610 0.655730
0 0.205371 0.646840 0.227820 0.645889 0.226550 0.663990 0.203889 0.664310
0 0.251739 0.645250 0.274400 0.644620 0.273550 0.662080 0.250469 0.662880
0 0.831249 0.360690 0.833161 0.378801 0.856450 0.377840 0.853910 0.359900
0 0.803730 0.361961 0.805210 0.379429 0.828079 0.378801 0.826809 0.361331
0 0.771550 0.363230 0.773030 0.380700 0.796949 0.378950 0.793779 0.361490
0 0.744230 0.362920 0.744230 0.380539 0.767951 0.380700 0.766681 0.363071
0 0.710780 0.364030 0.711629 0.381970 0.734921 0.381339 0.733219 0.363710
0 0.682619 0.364981 0.684099 0.382610 0.707390 0.381970 0.706120 0.364499
0 0.622281 0.366730 0.623340 0.384041 0.647049 0.383720 0.646209 0.365770
0 0.595390 0.367519 0.596029 0.384989 0.619321 0.384830 0.618471 0.366570
0 0.568079 0.367840 0.568709 0.384989 0.591790 0.385151 0.590941 0.367360
0 0.542880 0.368629 0.543730 0.386099 0.567229 0.385620 0.565959 0.368001
0 0.510910 0.368629 0.512180 0.386420 0.535469 0.385940 0.533989 0.368160
0 0.481060 0.369270 0.481909 0.387050 0.505411 0.386891 0.504141 0.368629
0 0.451839 0.369739 0.453109 0.387370 0.476190 0.386891 0.474711 0.369111
0 0.422619 0.370221 0.423889 0.388160 0.447610 0.387530 0.446120 0.369900
0 0.390859 0.370700 0.391711 0.387850 0.415000 0.387691 0.414370 0.370221
0 0.357619 0.370380 0.358889 0.388160 0.383030 0.388009 0.381760 0.370380
0 0.326690 0.370860 0.326690 0.388319 0.350621 0.388801 0.350831 0.371010
0 0.292180 0.370700 0.293240 0.389119 0.317381 0.388960 0.316111 0.370539
0 0.263810 0.370860 0.264449 0.389119 0.289010 0.388801 0.288581 0.370700
0 0.232049 0.371010 0.232899 0.389429 0.257880 0.389429 0.256821 0.371010
0 0.205591 0.371331 0.230149 0.370860 0.231419 0.388801 0.206641 0.389119
0 0.147150 0.371810 0.171501 0.370700 0.173620 0.388319 0.148840 0.389911
0 0.104169 0.371490 0.128520 0.372131 0.128520 0.389750 0.104589 0.389429
0 0.819400 0.469631 0.842260 0.468990 0.843529 0.486301 0.820880 0.486780
0 0.792299 0.469940 0.815161 0.469631 0.816650 0.486780 0.793569 0.486780
0 0.769430 0.470100 0.791239 0.470100 0.792930 0.486619 0.770280 0.487250
0 0.743810 0.470741 0.766891 0.470420 0.768581 0.487570 0.745509 0.488050
0 0.694900 0.472010 0.696809 0.488839 0.719671 0.488050 0.717981 0.471059
0 0.632019 0.473120 0.654461 0.472481 0.655731 0.489480 0.633079 0.489949
0 0.596870 0.474070 0.620161 0.473120 0.620591 0.490590 0.598140 0.490431
0 0.571891 0.474230 0.594760 0.473750 0.595600 0.490590 0.573371 0.490900
0 0.542880 0.474550 0.565539 0.474391 0.566380 0.491220 0.543940 0.491700
0 0.512180 0.475180 0.535259 0.474709 0.536529 0.492020 0.513660 0.492020
0 0.481060 0.475660 0.503709 0.475340 0.504561 0.492171 0.482120 0.492489
0 0.453751 0.475980 0.476190 0.475660 0.477250 0.492810 0.454589 0.492810
0 0.430030 0.476611 0.452689 0.475980 0.453319 0.493290 0.430670 0.493451
0 0.119430 0.480900 0.138060 0.480900 0.137430 0.498370 0.118800 0.498529
0 0.141660 0.480270 0.141450 0.498211 0.166011 0.497890 0.166431 0.479949
0 0.168550 0.480270 0.193319 0.479949 0.193109 0.497260 0.168761 0.497890
0 0.217670 0.479631 0.242019 0.479149 0.242019 0.496460 0.218100 0.496940
0 0.252610 0.479149 0.276529 0.478839 0.276961 0.495830 0.253030 0.496460
0 0.288599 0.478360 0.288810 0.495671 0.312740 0.495509 0.312311 0.478521
0 0.316120 0.478039 0.338989 0.478360 0.339629 0.495030 0.315910 0.495191
0 0.346611 0.477880 0.370329 0.477411 0.370329 0.494240 0.347040 0.494870
0 0.376251 0.477411 0.399330 0.477250 0.399760 0.494079 0.376891 0.494079
0 0.402299 0.477090 0.425380 0.476611 0.425801 0.493451 0.403359 0.493599
0 0.748889 0.552040 0.750801 0.569350 0.772820 0.568871 0.770490 0.551091
3 0.676909 0.553950 0.677960 0.570781 0.713749 0.570140 0.712899 0.552990
0 0.613389 0.555060 0.614869 0.572209 0.636891 0.571891 0.635201 0.553950
0 0.561520 0.556169 0.562360 0.573160 0.584169 0.572840 0.582899 0.555369
0 0.501169 0.557279 0.502019 0.574590 0.524251 0.574111 0.523191 0.556649
0 0.448660 0.558230 0.470469 0.557761 0.471529 0.574911 0.449090 0.575539
0 0.422409 0.558871 0.444641 0.558389 0.445280 0.575700 0.422409 0.576180
0 0.392351 0.559981 0.392351 0.576810 0.415210 0.576180 0.415000 0.559189
0 0.344711 0.561091 0.344711 0.578241 0.367570 0.577610 0.367150 0.560460
0 0.276529 0.562519 0.276111 0.579830 0.299400 0.579189 0.299400 0.562040
0 0.217439 0.564590 0.217649 0.581420 0.240941 0.581099 0.240941 0.563629
0 0.128940 0.567131 0.153499 0.566169 0.153709 0.583319 0.129360 0.584119 0.130000 0.577920 0.134020 0.575221
0 0.180180 0.565221 0.179330 0.582370 0.203261 0.582209 0.203681 0.564739
0 0.178270 0.565221 0.177850 0.582530 0.154351 0.583640 0.154561 0.566169
