1 0.827712 0.310020 0.830440 0.327130 0.858562 0.326270 0.874061 0.325399 0.875212 0.307329
1 0.579491 0.420471 0.580321 0.434301 0.620129 0.433361 0.618869 0.417959
1 0.637989 0.504479 0.638991 0.519149 0.663290 0.518209 0.680470 0.518519 0.680969 0.507949 0.679980 0.502991 0.678661 0.502250 0.640632 0.502500
1 0.741220 0.315511 0.741071 0.331349 0.771829 0.329861 0.785642 0.329340 0.785380 0.311999
1 0.714289 0.591151 0.714411 0.606200 0.735360 0.605880 0.758399 0.605260 0.756310 0.590171
1 0.822751 0.778031 0.822090 0.786461 0.824071 0.788440 0.866071 0.789189 0.868720 0.786461 0.868390 0.776039 0.865410 0.774799 0.824401 0.774060 0.823079 0.775551
1 0.856868 0.605570 0.877070 0.604799 0.901210 0.604050 0.902540 0.602810 0.902120 0.589861 0.877731 0.590409 0.857288 0.589231
1 0.456680 0.767860 0.456019 0.771079 0.457341 0.779020 0.459659 0.780749 0.494709 0.780749 0.498019 0.779509 0.497021 0.770089 0.494709 0.767111 0.470899 0.768110
1 0.337302 0.330910 0.338142 0.347250 0.379200 0.346620 0.377940 0.329970
1 0.295969 0.427329 0.296630 0.442460 0.333948 0.440900 0.333108 0.427071
1 0.367060 0.511659 0.366729 0.522569 0.369051 0.525050 0.399140 0.524311 0.404431 0.523810 0.406419 0.522569 0.406749 0.510910 0.404431 0.508681 0.394841 0.509670 0.371359 0.509670 0.369382 0.509921
1 0.476038 0.507440 0.476038 0.519839 0.478019 0.522319 0.510099 0.521580 0.514540 0.520719 0.515380 0.506270 0.496868 0.506699 0.477688 0.506200
1 0.290790 0.334370 0.289679 0.348961 0.329339 0.347879 0.329339 0.332800
1 0.241071 0.334819 0.243439 0.351649 0.282831 0.350709 0.282831 0.335310
1 0.837302 0.660221 0.838849 0.673760 0.863151 0.673760 0.882431 0.673130 0.880331 0.660880 0.860222 0.660561 0.851849 0.660221
1 0.413690 0.659469 0.412698 0.671880 0.414349 0.672870 0.447090 0.672619 0.449739 0.672371 0.453039 0.669891 0.453700 0.657991 0.452712 0.656751 0.440479 0.655749 0.417331 0.656000 0.414679 0.656751
1 0.518519 0.656250 0.518849 0.671880 0.536379 0.672619 0.557209 0.671131 0.558528 0.667909 0.558528 0.660709 0.557209 0.658981 0.542609 0.655851 0.519511 0.655260
1 0.384649 0.609030 0.424871 0.608400 0.423621 0.593941 0.394970 0.594060 0.384392 0.593321
1 0.646829 0.660221 0.646829 0.669149 0.647490 0.671880 0.649140 0.672619 0.686181 0.672619 0.689481 0.671880 0.689481 0.658730 0.688489 0.656500 0.685519 0.655010 0.678899 0.656000 0.671630 0.658229 0.650129 0.658480
1 0.307540 0.667411 0.307209 0.671629 0.308859 0.672371 0.345569 0.671880 0.347880 0.668899 0.348879 0.657741 0.346230 0.656989 0.311511 0.657490 0.310188 0.657991 0.309190 0.659970
1 0.415010 0.329861 0.417001 0.345729 0.456349 0.344251 0.456349 0.327629
1 0.377530 0.425501 0.379200 0.440270 0.416491 0.439960 0.416911 0.425191
1 0.295301 0.514380 0.294970 0.523810 0.296630 0.526540 0.303241 0.525791 0.330030 0.525791 0.333661 0.525050 0.334990 0.523559 0.334990 0.512150 0.332669 0.511161 0.299931 0.511659 0.296961 0.512150
1 0.300351 0.595920 0.302100 0.610600 0.314570 0.610050 0.340231 0.609660 0.341028 0.597899 0.339041 0.593931 0.303330 0.594430 0.301009 0.594921
1 0.461310 0.327879 0.461749 0.343800 0.503651 0.342540 0.503651 0.326510
1 0.799931 0.411210 0.799600 0.425350 0.800599 0.426840 0.803571 0.427579 0.817791 0.427081 0.828800 0.426131 0.841270 0.423361 0.844580 0.421880 0.844249 0.410960 0.841931 0.408480 0.827712 0.408981 0.815810 0.410471 0.803571 0.410221
1 0.633271 0.592760 0.633601 0.606151 0.672950 0.606890 0.676260 0.605900 0.675929 0.592760 0.673611 0.590769 0.648479 0.591270 0.636901 0.590769
1 0.831019 0.499750 0.831680 0.511659 0.832669 0.513641 0.834990 0.515129 0.845241 0.514881 0.866071 0.510660 0.876319 0.509670 0.877979 0.508430 0.877979 0.500990 0.876981 0.499010 0.874011 0.497770 0.837960 0.498021 0.832341 0.498760
1 0.465099 0.422361 0.465939 0.437760 0.502401 0.437319 0.504719 0.435831 0.505711 0.422190 0.505050 0.421689
1 0.518849 0.592081 0.519570 0.608080 0.534392 0.607460 0.549600 0.606709 0.560212 0.606830 0.559521 0.592081 0.557870 0.591339 0.544970 0.592081
1 0.681220 0.772071 0.681310 0.784380 0.725721 0.785320 0.724461 0.781550 0.699071 0.773311
1 0.599871 0.321920 0.599871 0.335069 0.601849 0.337299 0.617391 0.337299 0.630291 0.335320 0.641200 0.335069 0.643519 0.333829 0.643519 0.320930 0.641200 0.318951 0.625331 0.318951 0.601849 0.320191
1 0.294640 0.765379 0.294970 0.778770 0.296630 0.780010 0.317791 0.780260 0.335651 0.779271 0.334659 0.767609 0.332999 0.765379 0.328039 0.764630
1 0.671961 0.417909 0.671961 0.428080 0.674931 0.431550 0.687169 0.431300 0.714831 0.429901 0.714620 0.416910 0.713290 0.414430 0.675599 0.415670
1 0.527781 0.769591 0.527450 0.773559 0.529431 0.781989 0.569110 0.782240 0.570440 0.781500 0.570109 0.772820 0.569110 0.770340 0.567460 0.769100 0.539021 0.768110 0.529431 0.768601
1 0.671300 0.317711 0.671670 0.334370 0.699401 0.333829 0.713621 0.332840 0.715608 0.331600 0.714831 0.316141 0.685850 0.315970
1 0.782741 0.590841 0.783538 0.605880 0.827540 0.604940 0.827540 0.590491 0.804229 0.589851 0.785380 0.589601
1 0.510351 0.325250 0.552249 0.323681 0.553089 0.339400 0.510351 0.341280
