3 0.945574 0.477318 0.999074 0.476562 0.999074 0.459901 0.946231 0.459141
0 0.550324 0.610568 0.577370 0.612802 0.578694 0.597578 0.551639 0.596099
0 0.523926 0.685182 0.546296 0.686979 0.550000 0.685937 0.550000 0.669792 0.525250 0.667729
0 0.592593 0.781771 0.617593 0.783328 0.618954 0.767578 0.596509 0.764609
3 0.942278 0.587562 0.999019 0.589792 0.999074 0.570312 0.975926 0.569740 0.942926 0.568630
0 0.387037 0.677078 0.411093 0.677380 0.412407 0.663651 0.388000 0.662542
0 0.020463 0.739000 0.043546 0.741969 0.044213 0.725641 0.021120 0.723781
0 0.120370 0.742188 0.141213 0.744188 0.148472 0.729349 0.128667 0.727120
0 0.848148 0.787500 0.848148 0.803651 0.878269 0.805438 0.877778 0.788542
0 0.513000 0.775089 0.538454 0.777297 0.542954 0.761292 0.516926 0.759901
0 0.550528 0.778120 0.575389 0.779078 0.580667 0.762380 0.555157 0.761458
0 0.356981 0.761271 0.382500 0.763766 0.386676 0.747911 0.361380 0.746349
0 0.770370 0.690620 0.771296 0.701042 0.784259 0.703120 0.800000 0.702078 0.800926 0.690099 0.798148 0.687500 0.787963 0.684901 0.775000 0.685422 0.772222 0.685937
0 0.730463 0.698172 0.756861 0.700771 0.760194 0.685422 0.731120 0.683688
0 0.397231 0.765349 0.423148 0.767188 0.426926 0.751620 0.403167 0.750500
0 0.812963 0.690620 0.812037 0.701562 0.814806 0.704172 0.834259 0.705729 0.844444 0.704172 0.845370 0.692708 0.841667 0.688542 0.817593 0.686458
3 0.000000 0.830682 0.000000 0.845151 0.031667 0.848859 0.036287 0.834021
0 0.771556 0.779687 0.772491 0.795828 0.799343 0.798438 0.799343 0.781250
0 0.633333 0.784380 0.660519 0.786880 0.663157 0.771292 0.637037 0.768750
0 0.252944 0.753625 0.277796 0.755328 0.282694 0.740302 0.258806 0.738719
0 0.697472 0.789849 0.725167 0.792318 0.728389 0.775734 0.700861 0.773833
0 0.447380 0.680719 0.473120 0.681469 0.475102 0.665880 0.448037 0.663651
0 0.481954 0.773047 0.507380 0.774755 0.512713 0.758672 0.487509 0.756859
0 0.442593 0.768750 0.467843 0.770922 0.473120 0.755698 0.448148 0.753120
0 0.623148 0.691672 0.648148 0.692708 0.650926 0.691151 0.651852 0.678651 0.649074 0.676042 0.624880 0.675531
0 0.149074 0.744792 0.172880 0.746422 0.177500 0.732318 0.155556 0.731250
0 0.692593 0.696349 0.721296 0.697401 0.720370 0.680729 0.693509 0.680349
1 0.597833 0.906771 0.660519 0.913448 0.663231 0.900370 0.601787 0.894521
1 0.054769 0.254990 0.103602 0.253880 0.099639 0.267609 0.051472 0.269099
1 0.000657 0.255740 0.048167 0.255359 0.045528 0.270578 0.000000 0.270578
1 0.117454 0.253141 0.114806 0.268729 0.167602 0.266870 0.168259 0.251281
1 0.189380 0.250172 0.187398 0.266500 0.240194 0.264641 0.241509 0.247198
1 0.269222 0.247568 0.264602 0.264641 0.316074 0.262422 0.317389 0.246458
1 0.339833 0.245708 0.335213 0.261672 0.390639 0.260188 0.395250 0.243490
1 0.422972 0.241630 0.419009 0.259448 0.474444 0.257219 0.476417 0.240521
0 0.139889 0.337021 0.164963 0.336281 0.161657 0.353349 0.135926 0.352979
0 0.170898 0.337021 0.195981 0.337391 0.193343 0.352240 0.166944 0.353349
0 0.200602 0.336651 0.197296 0.352609 0.222370 0.351870 0.224352 0.336651
0 0.235574 0.336281 0.233593 0.352609 0.258657 0.352240 0.261296 0.336281
0 0.269222 0.336281 0.267241 0.352609 0.293639 0.352240 0.296278 0.335172
0 0.306167 0.334052 0.304852 0.351870 0.331250 0.351130 0.331907 0.334792
0 0.341148 0.334052 0.339833 0.351500 0.368204 0.351500 0.367537 0.333313
0 0.376778 0.332568 0.374139 0.350380 0.401194 0.350750 0.402509 0.332198
0 0.409769 0.333313 0.407130 0.351130 0.436157 0.350380 0.436157 0.332568
0 0.442102 0.332568 0.442759 0.349641 0.472463 0.349271 0.472463 0.331448
0 0.483009 0.332568 0.482352 0.348901 0.508093 0.348901 0.510074 0.331078
0 0.513370 0.331078 0.510731 0.348901 0.541083 0.348531 0.543722 0.329969
0 0.549000 0.330339 0.546361 0.349271 0.576046 0.348531 0.576046 0.330339
0 0.581991 0.329599 0.580667 0.348161 0.611694 0.347792 0.611028 0.328859
0 0.661176 0.328109 0.659204 0.345932 0.690213 0.345187 0.691648 0.327000
0 0.697593 0.328109 0.696926 0.344438 0.727278 0.344818 0.726620 0.326630
0 0.741796 0.326630 0.739824 0.343698 0.772148 0.343328 0.772148 0.326260
0 0.781389 0.326260 0.779407 0.342958 0.809759 0.341849 0.812398 0.324771
0 0.826259 0.324771 0.824278 0.342589 0.857269 0.341849 0.858593 0.323292
0 0.866509 0.326260 0.864528 0.341849 0.900824 0.340729 0.900157 0.321802 0.867167 0.321802
0 0.111630 0.337021 0.109648 0.353349 0.134074 0.352609 0.136046 0.336281
0 0.052787 0.336651 0.079194 0.336651 0.079194 0.353719 0.052787 0.353719
0 0.011880 0.337031 0.036296 0.337031 0.036296 0.354839 0.011880 0.354839
1 0.578028 0.237182 0.576046 0.254620 0.636759 0.252391 0.638083 0.235318
1 0.739037 0.231609 0.738380 0.247198 0.803704 0.244599 0.806343 0.227531
1 0.829444 0.227161 0.827463 0.243490 0.896093 0.240891 0.900037 0.222328
0 0.031667 0.431302 0.030352 0.445771 0.048833 0.446521 0.050806 0.431672
0 0.056093 0.431672 0.053454 0.446521 0.077861 0.446891 0.079843 0.431672
0 0.601787 0.435391 0.630824 0.435391 0.630824 0.453937 0.601787 0.453937
0 0.682954 0.436120 0.715287 0.436120 0.715287 0.454682 0.682954 0.454682
0 0.558241 0.435760 0.585954 0.435760 0.585954 0.453937 0.558241 0.453937
0 0.527889 0.436120 0.525907 0.453198 0.554278 0.452828 0.556917 0.436870
0 0.490269 0.436870 0.518648 0.435750 0.516667 0.452078 0.490269 0.451339
0 0.453981 0.436120 0.481704 0.436120 0.478398 0.451339 0.452000 0.452078
0 0.417028 0.435750 0.444741 0.436490 0.440778 0.452078 0.413731 0.451708
0 0.384704 0.436120 0.411750 0.435750 0.408454 0.451339 0.380741 0.451708
0 0.356981 0.435750 0.382056 0.436870 0.381398 0.451339 0.355000 0.450969
0 0.325306 0.435380 0.350380 0.435750 0.348398 0.450969 0.323333 0.450599
0 0.298250 0.436120 0.323333 0.434641 0.320694 0.450599 0.295620 0.450599
0 0.263944 0.434641 0.289019 0.435010 0.285722 0.450599 0.261963 0.450229
0 0.232269 0.434641 0.256676 0.434271 0.252722 0.448740 0.228972 0.448370
0 0.201917 0.433531 0.225009 0.433531 0.224352 0.449109 0.201917 0.447630
0 0.163639 0.432781 0.190037 0.433151 0.186741 0.448000 0.162324 0.447630
0 0.129333 0.433151 0.155074 0.434271 0.151111 0.448000 0.128009 0.447630
0 0.081157 0.432042 0.106241 0.432411 0.102944 0.447260 0.077861 0.447260
0 0.048167 0.505901 0.069944 0.504792 0.068620 0.519641 0.048167 0.519271
0 0.072583 0.505161 0.093704 0.505901 0.093037 0.520750 0.069287 0.520380
0 0.097000 0.507391 0.120750 0.507021 0.119426 0.521120 0.094361 0.520750
0 0.131306 0.507760 0.156389 0.508500 0.155731 0.521859 0.131972 0.521490
0 0.192676 0.509240 0.215769 0.509990 0.214454 0.523349 0.192019 0.522609
0 0.264602 0.509990 0.291657 0.511469 0.287704 0.525948 0.263278 0.524828
0 0.316074 0.512208 0.342472 0.513328 0.340491 0.528172 0.316074 0.527432
0 0.349722 0.512958 0.378102 0.514437 0.375463 0.528542 0.350380 0.528922
0 0.380741 0.515182 0.408454 0.515182 0.405806 0.529661 0.380083 0.529292
0 0.445398 0.515922 0.471139 0.516672 0.469824 0.531141 0.444741 0.530401
0 0.517991 0.517411 0.544380 0.517781 0.543056 0.534109 0.516009 0.533000
0 0.582648 0.520010 0.611694 0.520010 0.609713 0.535229 0.581991 0.534849
0 0.763454 0.522979 0.792491 0.522979 0.791833 0.538568 0.761472 0.538198
0 0.731120 0.603521 0.762130 0.604260 0.758843 0.620589 0.729796 0.619479
0 0.618287 0.599068 0.644676 0.599438 0.642037 0.615031 0.615648 0.614281
3 0.960093 0.794302 0.958769 0.812490 0.999074 0.815089 0.999074 0.795792
0 0.751583 0.435750 0.750259 0.455802 0.780611 0.454682 0.781926 0.437609
0 0.816241 0.438349 0.812278 0.454682 0.783250 0.454682 0.786546 0.437979
0 0.851213 0.437240 0.849241 0.455422 0.816241 0.454682 0.819537 0.436870
0 0.889491 0.436490 0.888833 0.454682 0.857148 0.454682 0.860454 0.436870
1 0.069944 0.837359 0.066648 0.851089 0.110861 0.854802 0.116130 0.840328
1 0.164296 0.845891 0.209167 0.850349 0.205222 0.865198 0.161000 0.860740
1 0.226991 0.852578 0.225009 0.866682 0.272519 0.872250 0.273176 0.856292
1 0.326630 0.861849 0.322667 0.879672 0.373481 0.884120 0.376778 0.867792
3 0.934361 0.929781 0.933704 0.948339 0.999074 0.954651 0.999074 0.936089
1 0.669093 0.900828 0.667111 0.914563 0.725176 0.920500 0.725843 0.905651
1 0.745639 0.907880 0.744981 0.923839 0.801722 0.928292 0.803046 0.912708
1 0.816241 0.915302 0.815583 0.931630 0.887509 0.938688 0.887509 0.922359
0 0.189824 0.733708 0.183667 0.748344 0.207852 0.750500 0.213130 0.734974
0 0.227648 0.736031 0.222370 0.750500 0.246787 0.752729 0.251407 0.737510
0 0.295620 0.742339 0.291000 0.756068 0.314750 0.757932 0.319370 0.743818
0 0.326630 0.743078 0.321519 0.759255 0.346417 0.761396 0.353019 0.745313
0 0.294963 0.655859 0.289676 0.670698 0.313426 0.672562 0.317389 0.656599
0 0.242167 0.652521 0.266583 0.652891 0.261296 0.669958 0.236889 0.668849
0 0.184759 0.650292 0.205870 0.651401 0.201917 0.665880 0.180139 0.664021
0 0.152426 0.646948 0.174861 0.648432 0.172222 0.664021 0.149787 0.661792
0 0.124046 0.645089 0.145833 0.646578 0.140546 0.662911 0.118111 0.661052
0 0.093704 0.645458 0.117454 0.645828 0.113500 0.661422 0.089741 0.660312
0 0.075222 0.644349 0.093037 0.645089 0.090398 0.660682 0.072583 0.659198
0 0.081157 0.724521 0.103602 0.726750 0.098981 0.741229 0.076537 0.739000
0 0.486972 0.591271 0.514028 0.593130 0.511389 0.610938 0.484333 0.608719
0 0.355000 0.587188 0.382722 0.588302 0.376778 0.604630 0.351704 0.603151
0 0.293639 0.584958 0.318713 0.584958 0.318046 0.601292 0.292981 0.600182
0 0.261296 0.583479 0.258000 0.597948 0.232926 0.596839 0.236231 0.582740
0 0.172222 0.580510 0.197963 0.581250 0.192019 0.596839 0.167602 0.594979
0 0.125370 0.577911 0.150454 0.578651 0.145833 0.594609 0.120750 0.593500
0 0.055426 0.574938 0.079176 0.576052 0.075880 0.590901 0.053454 0.589792
3 0.493407 0.239375 0.490028 0.257406 0.569315 0.255031 0.571000 0.236531
3 0.644380 0.233682 0.640157 0.251714 0.724500 0.248391 0.727037 0.229417
3 0.963194 0.696458 0.961509 0.714016 0.999463 0.715911 0.999463 0.697411
3 0.419935 0.872078 0.416806 0.888823 0.498287 0.897198 0.500639 0.881776
3 0.511602 0.883094 0.510037 0.897641 0.582898 0.906010 0.586037 0.891031
3 0.665167 0.520401 0.663602 0.535823 0.711389 0.538026 0.713741 0.521719
