1 0.540621 0.309170 0.540850 0.324400 0.584029 0.326161 0.583931 0.310410
2 0.501139 0.533890 0.501450 0.549690 0.578350 0.549461 0.576200 0.534329 0.522920 0.533850 0.511699 0.533769
2 0.371319 0.539259 0.371151 0.546040 0.371370 0.548030 0.449160 0.548780 0.448700 0.537780 0.448730 0.533249 0.372421 0.531950
2 0.267451 0.628400 0.266681 0.644779 0.345941 0.643790 0.345941 0.630781 0.345359 0.627640 0.293420 0.627799
1 0.470350 0.306719 0.470180 0.318451 0.469979 0.322449 0.514470 0.324340 0.514531 0.316420 0.514601 0.308109
2 0.486930 0.630250 0.487080 0.643001 0.559190 0.642829 0.560219 0.630431 0.560350 0.627630 0.487421 0.627250
2 0.470439 0.432829 0.470591 0.447481 0.471340 0.449049 0.547591 0.451991 0.547619 0.438731 0.547750 0.435560 0.490901 0.433540
2 0.248870 0.425970 0.247810 0.443090 0.331510 0.445369 0.331699 0.428860
2 0.002330 0.626590 0.000420 0.643381 0.084580 0.643459 0.084881 0.627069
3 0.885390 0.099790 0.884220 0.107670 0.888420 0.110291 0.900560 0.109070 0.904059 0.112220 0.908030 0.108190 0.919699 0.109590 0.924370 0.108190 0.932070 0.110121 0.935110 0.107670 0.934869 0.098739 0.888191 0.098039
2 0.458919 0.716740 0.383840 0.718459 0.383989 0.720240 0.384010 0.735291 0.391690 0.735121 0.453681 0.733599 0.459360 0.733599
3 0.981979 0.647600 0.982260 0.649329 0.983791 0.662080 0.988350 0.662551 0.999769 0.662379 1.000000 0.647540 0.993819 0.647379
3 0.349211 0.102419 0.349440 0.110989 0.360880 0.107670 0.375819 0.109240 0.388660 0.108190 0.404059 0.110291 0.407801 0.107670 0.406401 0.103470 0.401029 0.102419 0.368581 0.102239 0.356209 0.100671
3 0.349440 0.102419 0.349671 0.111169 0.351069 0.110121 0.356909 0.109771 0.361111 0.108370 0.376751 0.108370 0.379080 0.103470 0.353870 0.100490
1 0.392269 0.302861 0.438639 0.305060 0.437369 0.320959 0.392061 0.318901
1 0.624750 0.311910 0.624750 0.327630 0.669421 0.328901 0.669851 0.312710
1 0.698000 0.314140 0.699281 0.329540 0.742470 0.330490 0.740350 0.315089
1 0.766821 0.316040 0.768511 0.331450 0.811279 0.332400 0.809160 0.317150
1 0.840990 0.318270 0.842899 0.333669 0.885030 0.335571 0.882491 0.320170
1 0.903880 0.320959 0.905359 0.336840 0.946431 0.338430 0.945161 0.322239
3 0.983910 0.324140 0.983700 0.340501 0.999580 0.340970 0.999580 0.324779
2 0.753550 0.440851 0.752920 0.456261 0.828931 0.458801 0.828289 0.442600
3 0.966970 0.405439 0.967390 0.421010 0.999790 0.421640 0.999580 0.406401
2 0.734500 0.536290 0.737880 0.551380 0.811139 0.553920 0.808810 0.537880
1 0.938810 0.576780 0.941559 0.591549 0.979461 0.591870 0.975439 0.576310
1 0.953210 0.500720 0.955329 0.516280 0.993219 0.516600 0.989199 0.501199
2 0.626300 0.534860 0.628630 0.549631 0.702740 0.551220 0.698931 0.535811
2 0.255359 0.531999 0.254300 0.546770 0.334970 0.547411 0.335810 0.530420 0.259169 0.530730
2 0.676270 0.627920 0.747409 0.627920 0.748471 0.643950 0.676480 0.643001
1 0.925469 0.647449 0.927171 0.662061 0.964010 0.662209 0.962951 0.646649
2 0.667381 0.716999 0.738091 0.717481 0.740420 0.733669 0.669071 0.733669
2 0.779589 0.717630 0.781711 0.733510 0.850731 0.733831 0.848620 0.717320
2 0.679659 0.803071 0.681781 0.820060 0.751431 0.818629 0.748681 0.801479
2 0.793359 0.801320 0.795469 0.817201 0.862171 0.816250 0.859409 0.800679
2 0.900700 0.814981 0.902390 0.829111 0.965070 0.828470 0.963791 0.813699
2 0.703161 0.896280 0.704641 0.911999 0.770700 0.909461 0.770070 0.894849
2 0.903450 0.893100 0.905780 0.907710 0.967820 0.904849 0.966340 0.890560
2 0.548179 0.900881 0.548810 0.916921 0.617409 0.914540 0.617199 0.898820
2 0.398910 0.905490 0.398700 0.921999 0.470259 0.919300 0.470049 0.902791
2 0.265310 0.911050 0.264461 0.926290 0.337719 0.923270 0.338359 0.907080
2 0.006991 0.813071 0.006139 0.829739 0.084269 0.828950 0.085329 0.812430
2 0.391060 0.808311 0.463261 0.807190 0.464321 0.823871 0.391270 0.825460
2 0.252801 0.810690 0.327750 0.809421 0.326909 0.826570 0.251739 0.827519
2 0.533130 0.716199 0.533971 0.733669 0.606599 0.732239 0.605110 0.716050
2 0.253009 0.719860 0.250679 0.736530 0.328599 0.735741 0.329449 0.718109
3 0.000000 0.398030 0.020971 0.398990 0.018410 0.415671 0.000259 0.415100
2 0.347981 0.429090 0.346949 0.445200 0.427241 0.448270 0.428000 0.431590
2 0.590871 0.436570 0.590609 0.452869 0.667061 0.454410 0.667061 0.438680
1 0.248770 0.294671 0.248520 0.312309 0.296331 0.314421 0.296590 0.297740
1 0.304769 0.297551 0.303231 0.314809 0.350530 0.316921 0.351041 0.299849
3 0.986190 0.889930 0.988490 0.904310 0.999491 0.904310 0.999741 0.889160
2 0.909491 0.736331 0.911541 0.750520 0.975971 0.749561 0.972899 0.735180
3 0.974430 0.734800 0.977500 0.749949 1.000000 0.749760 0.999491 0.734030
