2 0.068519 0.168229 0.064204 0.183031 0.104602 0.179729 0.125926 0.178651 0.131481 0.175521 0.137037 0.160422 0.101852 0.161458
2 0.555556 0.125521 0.551852 0.141672 0.643519 0.136458 0.675000 0.130208 0.683333 0.108849 0.602778 0.113021 0.566667 0.119792
1 0.074074 0.268229 0.076852 0.276042 0.104630 0.276042 0.109259 0.272401 0.110194 0.264578 0.107407 0.263021 0.079630 0.264062
1 0.220370 0.268750 0.220370 0.275521 0.257407 0.275521 0.262037 0.273438 0.265741 0.261458 0.254630 0.258849 0.232407 0.261458
1 0.288889 0.271349 0.288889 0.276042 0.331481 0.275000 0.337037 0.271870 0.339806 0.261458 0.331481 0.257292 0.299074 0.261458
1 0.372222 0.265620 0.371296 0.272401 0.417593 0.275000 0.422222 0.271870 0.426852 0.254688 0.414806 0.253120 0.387037 0.254688
1 0.480556 0.268750 0.479630 0.272922 0.485194 0.274479 0.537963 0.272401 0.546296 0.260937 0.547222 0.251042 0.531481 0.252599 0.504630 0.251042 0.487963 0.256250
1 0.583333 0.261979 0.580556 0.268229 0.583333 0.272401 0.643519 0.271349 0.650926 0.265099 0.656481 0.247922 0.644444 0.245828 0.598148 0.247922
1 0.687037 0.255208 0.681481 0.270313 0.747222 0.267708 0.758333 0.263542 0.764806 0.247922 0.762037 0.243750 0.694444 0.247401
1 0.090741 0.365620 0.091667 0.372922 0.098148 0.379688 0.125000 0.381771 0.132407 0.380208 0.133333 0.365620 0.095370 0.363542
1 0.137037 0.370828 0.133333 0.372922 0.133333 0.380208 0.150000 0.383328 0.169444 0.383328 0.175000 0.372922 0.170370 0.369271 0.147222 0.367188
1 0.190741 0.376042 0.188889 0.386979 0.224074 0.387500 0.226852 0.376042 0.212963 0.369792 0.199074 0.369792
1 0.261111 0.383328 0.260194 0.390620 0.272222 0.393750 0.296296 0.395313 0.302778 0.390620 0.301852 0.378120 0.279630 0.376563 0.268519 0.378651
1 0.317593 0.382812 0.315741 0.394271 0.319444 0.396349 0.341667 0.398958 0.358333 0.396880 0.362037 0.386979 0.358333 0.380208 0.326852 0.379172
1 0.375000 0.385422 0.374074 0.401562 0.406481 0.405208 0.414806 0.405208 0.421296 0.401562 0.423148 0.388542 0.420370 0.384901 0.380556 0.382292
1 0.447222 0.395313 0.446296 0.408849 0.480556 0.410938 0.498148 0.409380 0.501852 0.393750 0.498148 0.391151 0.456481 0.386979 0.451852 0.388021
1 0.562037 0.405729 0.561111 0.415620 0.613889 0.418750 0.623148 0.410938 0.625000 0.401042 0.619444 0.398438 0.576852 0.393750
1 0.648148 0.408849 0.644444 0.414578 0.647222 0.420828 0.680556 0.424479 0.702778 0.424479 0.711111 0.422922 0.722222 0.408328 0.722222 0.403651 0.716667 0.401042 0.671296 0.397922 0.656481 0.401562
1 0.135194 0.493750 0.129630 0.501042 0.134259 0.504687 0.166667 0.507812 0.170370 0.498958 0.168519 0.493229 0.139806 0.490620
1 0.179630 0.503130 0.178704 0.509901 0.184259 0.513021 0.196296 0.515620 0.215741 0.515099 0.217593 0.499479 0.195370 0.495828 0.182407 0.498437
1 0.245370 0.512500 0.246296 0.522401 0.275926 0.528120 0.283333 0.526042 0.288889 0.515099 0.282407 0.508328 0.250926 0.505729
1 0.514806 0.560937 0.513889 0.564578 0.519444 0.567187 0.566667 0.572401 0.574074 0.565099 0.575000 0.555729 0.566667 0.551562 0.528704 0.546349 0.523148 0.548958
1 0.675000 0.583849 0.674074 0.589063 0.678704 0.591672 0.736111 0.599479 0.741667 0.597922 0.749074 0.581250 0.741667 0.577078 0.688889 0.570312
2 0.132407 0.580729 0.133333 0.592187 0.175926 0.602599 0.199074 0.605208 0.203704 0.592187 0.194444 0.585938 0.144444 0.577078 0.137037 0.577078
2 0.204630 0.598958 0.202778 0.605729 0.207407 0.608328 0.260194 0.621349 0.268519 0.619792 0.272222 0.608849 0.267593 0.602078 0.220370 0.591151 0.209259 0.592708
2 0.301852 0.615620 0.297222 0.626563 0.303704 0.630729 0.374074 0.645828 0.376852 0.629687 0.369444 0.623437 0.318519 0.613021 0.308333 0.612500
2 0.468519 0.658849 0.468519 0.668229 0.476852 0.671349 0.545370 0.687500 0.556481 0.689578 0.561111 0.688021 0.566667 0.670312 0.560194 0.666151 0.512037 0.653651 0.484259 0.648958 0.474074 0.652078
2 0.612037 0.696349 0.612963 0.702599 0.628704 0.706771 0.717593 0.727078 0.724074 0.725000 0.729630 0.709901 0.697222 0.695828 0.624074 0.681771 0.617593 0.684380
2 0.146296 0.684380 0.143519 0.695828 0.147222 0.697922 0.191667 0.710938 0.201852 0.710938 0.205556 0.694792 0.150926 0.681771
1 0.210194 0.699479 0.206481 0.713542 0.237963 0.722401 0.244444 0.715099 0.243519 0.707812 0.223148 0.699479 0.216667 0.697922
2 0.313889 0.740620 0.316667 0.747922 0.350000 0.759901 0.376852 0.767708 0.388889 0.766151 0.391667 0.751563 0.385194 0.746880 0.361111 0.739062 0.325000 0.731771 0.320370 0.732812
2 0.423148 0.771880 0.421296 0.778120 0.427778 0.782813 0.502778 0.803651 0.507407 0.788542 0.500926 0.783328 0.437963 0.763021 0.430556 0.763542
2 0.523148 0.805729 0.522222 0.810422 0.536111 0.817708 0.604630 0.838542 0.612037 0.840099 0.618519 0.838542 0.621296 0.821349 0.590741 0.808328 0.536111 0.793750 0.528704 0.795828
2 0.683333 0.854688 0.684259 0.861458 0.705556 0.869792 0.783333 0.893750 0.797222 0.895312 0.802778 0.878120 0.800000 0.869792 0.700000 0.840620 0.690741 0.841672
2 0.500000 0.907813 0.498148 0.915099 0.503704 0.918229 0.581481 0.947922 0.587037 0.936458 0.585194 0.930729 0.522222 0.907292 0.503704 0.904172
2 0.398148 0.869271 0.399074 0.880208 0.451852 0.900521 0.467593 0.900000 0.470370 0.890099 0.465741 0.886458 0.421296 0.869792 0.405556 0.866151
2 0.275926 0.825521 0.275926 0.832812 0.289806 0.840620 0.335194 0.855729 0.339806 0.842187 0.329630 0.834901 0.287037 0.822401 0.282407 0.821880
2 0.179630 0.788021 0.177778 0.793750 0.185194 0.802078 0.214806 0.811979 0.223148 0.811458 0.225926 0.800000 0.216667 0.794271 0.185194 0.785422
2 0.662963 0.965620 0.661111 0.977078 0.677778 0.983849 0.725926 0.996349 0.737963 0.994271 0.737963 0.986458 0.716667 0.976562 0.675000 0.962500 0.667593 0.961979
1 0.890741 0.125000 0.889806 0.157812 0.929630 0.163021 0.944444 0.161979 0.949074 0.158328 0.946296 0.126042 0.922222 0.119271 0.900926 0.119271
