1 0.039549 0.306961 0.037710 0.318979 0.037250 0.321110 0.080070 0.320550 0.081699 0.318801 0.083200 0.305369 0.043880 0.305320
3 0.115880 0.305711 0.160189 0.305089 0.161571 0.306940 0.164321 0.319739 0.113950 0.320159
3 0.000280 0.406471 0.013490 0.406261 0.011839 0.421541 0.000000 0.421740
1 0.033861 0.406050 0.075971 0.405431 0.075420 0.421541 0.032199 0.421541
3 0.084781 0.405851 0.113130 0.405851 0.109991 0.414440 0.105420 0.420711 0.083401 0.421331
1 0.225420 0.303871 0.268639 0.303459 0.269461 0.320180 0.225980 0.319760
3 0.169281 0.328430 0.186891 0.327610 0.191571 0.344329 0.171751 0.345571
1 0.329470 0.303871 0.371580 0.303661 0.372680 0.319760 0.330021 0.319970
1 0.235320 0.385819 0.276900 0.386040 0.276629 0.400889 0.233130 0.401261
1 0.295061 0.386239 0.336620 0.386441 0.336620 0.401099 0.293959 0.401099
1 0.484150 0.303661 0.483599 0.319561 0.525719 0.319970 0.525990 0.304079
1 0.545530 0.303661 0.587101 0.303039 0.587369 0.319350 0.545530 0.319760
1 0.386169 0.385819 0.428000 0.385620 0.428000 0.401099 0.386440 0.400889
1 0.441769 0.385200 0.481949 0.385200 0.483051 0.400690 0.441769 0.400690
1 0.512780 0.385200 0.553791 0.385000 0.554620 0.399860 0.513331 0.400270
1 0.581870 0.384790 0.623429 0.384380 0.624531 0.398831 0.583240 0.399650
1 0.655359 0.384170 0.697190 0.383141 0.698840 0.398001 0.656459 0.398421
1 0.747330 0.301600 0.747600 0.316670 0.790259 0.316261 0.789711 0.300770
1 0.811459 0.300770 0.813109 0.315431 0.854400 0.315431 0.854951 0.299739
1 0.745119 0.381900 0.747049 0.396759 0.789991 0.395940 0.786961 0.381490
1 0.828520 0.380660 0.830451 0.395110 0.872561 0.395320 0.869531 0.380040
2 0.932010 0.299329 0.933669 0.314189 1.000000 0.313160 0.999449 0.299119
2 0.938070 0.400070 0.940819 0.414100 0.999720 0.412869 0.999720 0.398421
2 0.926510 0.512990 0.928161 0.528060 0.998901 0.526821 0.997801 0.512160
1 0.833749 0.477271 0.874491 0.477069 0.877521 0.491929 0.837061 0.492139
1 0.749251 0.478920 0.789160 0.477481 0.792470 0.492551 0.751730 0.493171
1 0.666681 0.479960 0.706870 0.479130 0.709339 0.494410 0.668331 0.494820
2 0.907789 0.604020 0.911370 0.618470 0.981279 0.617031 0.978261 0.602780
2 0.741270 0.657489 0.743200 0.672969 0.813380 0.672150 0.810079 0.655840
1 0.701909 0.569550 0.740999 0.568311 0.743471 0.583790 0.703840 0.584210
1 0.624839 0.570369 0.664199 0.569960 0.666130 0.585240 0.626221 0.585240
1 0.520250 0.571821 0.558779 0.571409 0.559881 0.586059 0.519970 0.586891
1 0.447031 0.573060 0.486669 0.572651 0.486389 0.587300 0.447311 0.587511
1 0.385100 0.573470 0.424461 0.572850 0.424190 0.587920 0.383450 0.588950
2 0.541991 0.658521 0.542820 0.674830 0.613009 0.674210 0.611081 0.658319
2 0.646310 0.658319 0.716221 0.657279 0.718149 0.672969 0.647141 0.674000
2 0.254360 0.664919 0.253261 0.680819 0.325929 0.678960 0.326480 0.663680
1 0.082299 0.615790 0.122479 0.615170 0.121111 0.630650 0.080100 0.630860
3 0.147260 0.614550 0.149729 0.614140 0.150280 0.620121 0.148079 0.625490 0.160469 0.625490 0.170100 0.618470 0.169549 0.629620 0.145329 0.630240
1 0.166251 0.701870 0.205880 0.701050 0.204781 0.717150 0.164601 0.717770
1 0.082019 0.703109 0.121930 0.702290 0.120009 0.718591 0.080371 0.718801
3 0.000000 0.617230 0.028630 0.616821 0.026699 0.631269 0.000000 0.631891
2 0.899540 0.688451 0.966970 0.687829 0.970271 0.703521 0.901190 0.704140
2 0.911650 0.776600 0.912199 0.786301 0.979909 0.785679 0.979360 0.774540
1 0.815859 0.758230 0.818340 0.772890 0.855500 0.772470 0.853569 0.757610
1 0.740719 0.759671 0.778429 0.758850 0.780079 0.774119 0.742649 0.775159
1 0.725859 0.760291 0.727780 0.775159 0.690079 0.776390 0.689799 0.770410
3 0.947981 0.866611 0.950731 0.883330 0.933389 0.884771 0.925959 0.876099 0.914400 0.882290 0.906139 0.868260
2 0.625119 0.873211 0.625670 0.888071 0.693380 0.886420 0.692000 0.871150
2 0.415110 0.877551 0.414561 0.893241 0.481160 0.891999 0.480609 0.876310
1 0.268910 0.768761 0.267810 0.784240 0.306900 0.783410 0.308270 0.767721
1 0.387820 0.765450 0.426349 0.764421 0.426081 0.781350 0.387540 0.781970
1 0.533420 0.763179 0.571130 0.762360 0.571961 0.778050 0.533700 0.778669
1 0.023121 0.790851 0.061930 0.790019 0.060280 0.805089 0.020920 0.805910
1 0.074041 0.790019 0.112850 0.788780 0.111200 0.804060 0.072110 0.804879
1 0.161020 0.787341 0.200100 0.786099 0.198450 0.803020 0.157990 0.804060
2 0.273039 0.880851 0.340481 0.878990 0.339650 0.894680 0.271940 0.895711
2 0.095231 0.884981 0.163219 0.882500 0.161291 0.898599 0.093030 0.900250
3 0.019820 0.885600 0.017070 0.901700 0.000280 0.901490 0.000000 0.885800
1 0.245329 0.484370 0.287610 0.483591 0.286830 0.499440 0.244029 0.499440
1 0.033669 0.504531 0.075691 0.504340 0.073861 0.519989 0.032101 0.519989
3 0.111961 0.503941 0.143021 0.503941 0.139629 0.510011 0.138060 0.518620 0.109620 0.519410
1 0.253161 0.575590 0.294400 0.574800 0.292311 0.589870 0.251069 0.591250
1 0.314750 0.574020 0.354951 0.573039 0.355210 0.588699 0.313971 0.590070
1 0.430889 0.482411 0.471090 0.481630 0.472390 0.497481 0.430630 0.497880
1 0.507890 0.481821 0.548340 0.480851 0.549650 0.496110 0.509190 0.496700
1 0.577049 0.480450 0.633950 0.480450 0.634991 0.495329 0.578091 0.496110
1 0.295049 0.483591 0.336270 0.483230 0.336751 0.498690 0.294570 0.498871
1 0.366571 0.483591 0.406580 0.483230 0.407061 0.497780 0.365850 0.498500
