1 0.051821 0.298669 0.050889 0.314429 0.052521 0.316000 0.101319 0.317910 0.101769 0.302349 0.099440 0.299020
1 0.442479 0.753661 0.402731 0.755180 0.402661 0.758580 0.403590 0.771360 0.443210 0.769809
1 0.458919 0.311999 0.458681 0.319720 0.459321 0.328470 0.503079 0.329639 0.502269 0.313281 0.475021 0.312150
1 0.115579 0.618699 0.115399 0.616479 0.069409 0.617750 0.069561 0.619400 0.068389 0.634000 0.114580 0.633281
1 0.658261 0.318281 0.658450 0.331040 0.665430 0.333810 0.695481 0.334111 0.700280 0.334130 0.699811 0.321780 0.697250 0.319499
1 0.720040 0.319200 0.719760 0.334561 0.741209 0.335291 0.760500 0.335679 0.760040 0.321780 0.760021 0.320320 0.737159 0.319329
1 0.779409 0.739671 0.743989 0.741021 0.745859 0.756471 0.760040 0.755760 0.778849 0.754879 0.781720 0.754550
3 0.000000 0.296040 0.000000 0.315130 0.040850 0.316350 0.043420 0.314429 0.043420 0.298839 0.041319 0.297271
1 0.378480 0.308340 0.378380 0.313550 0.378380 0.323880 0.378240 0.325571 0.423989 0.327190 0.423289 0.309779 0.397061 0.309000
3 0.000000 0.618270 0.000000 0.635501 0.027780 0.634631 0.028480 0.621150 0.028940 0.617880
1 0.605871 0.317691 0.605731 0.330550 0.646361 0.332980 0.647759 0.331409 0.647990 0.318100 0.607381 0.315650
3 0.000000 0.451331 0.000000 0.470760 0.034549 0.470240 0.036650 0.455881 0.035009 0.452560
3 0.159430 0.301120 0.130719 0.300250 0.127920 0.301649 0.126751 0.318281 0.158959 0.319601 0.157061 0.314391 0.165789 0.302700
1 0.220749 0.302780 0.220749 0.319709 0.270009 0.321360 0.268910 0.303810
1 0.289010 0.305261 0.288459 0.321980 0.335250 0.323629 0.334421 0.306910
1 0.773989 0.320329 0.775091 0.336010 0.815271 0.337250 0.814169 0.321360
1 0.829589 0.321980 0.830959 0.337250 0.871970 0.338079 0.871151 0.322600
1 0.907479 0.324870 0.908030 0.339111 0.872521 0.338290 0.872250 0.322799
3 0.081520 0.454470 0.080679 0.470431 0.132890 0.469930 0.136380 0.453971
1 0.233971 0.456590 0.280521 0.457209 0.280350 0.472419 0.233639 0.472050
1 0.319421 0.457460 0.363639 0.457829 0.364141 0.472799 0.319921 0.472551
1 0.394729 0.458211 0.437129 0.458330 0.437789 0.473669 0.395231 0.473421
1 0.487670 0.458710 0.528560 0.458831 0.530061 0.474289 0.488331 0.474041
1 0.565140 0.459450 0.605371 0.459450 0.607369 0.474170 0.566641 0.474041
1 0.664059 0.459830 0.703791 0.459450 0.706291 0.474421 0.665889 0.474289
1 0.742530 0.459830 0.781431 0.459580 0.783590 0.474790 0.744690 0.474421
1 0.789580 0.460329 0.827649 0.459949 0.830971 0.474540 0.791739 0.474671
1 0.840119 0.460200 0.877521 0.459830 0.880021 0.474671 0.842451 0.474790
1 0.748681 0.604960 0.786251 0.604720 0.788910 0.619680 0.751011 0.620180
1 0.691821 0.605840 0.729230 0.604720 0.732220 0.620679 0.694150 0.621050
1 0.544860 0.607960 0.584421 0.607080 0.586090 0.623039 0.546520 0.623669
1 0.474869 0.609329 0.514269 0.608330 0.515761 0.624170 0.475859 0.625410
1 0.382600 0.611070 0.424160 0.609701 0.425320 0.626040 0.383261 0.627411
1 0.241781 0.615060 0.285670 0.613319 0.285509 0.629900 0.240780 0.631649
1 0.301300 0.613190 0.300301 0.629149 0.343690 0.628410 0.344360 0.612700 0.303791 0.614189
3 0.129680 0.615940 0.129510 0.632770 0.142479 0.632271 0.146300 0.615940
1 0.473319 0.751970 0.473980 0.767931 0.513219 0.766560 0.512049 0.750229
1 0.547129 0.748480 0.548459 0.764569 0.586870 0.762939 0.584540 0.746360
1 0.612470 0.746110 0.649041 0.744240 0.651699 0.760200 0.613959 0.761950
1 0.681961 0.743241 0.684120 0.758710 0.720530 0.757080 0.718039 0.741619
1 0.806151 0.738510 0.840560 0.736759 0.843060 0.751600 0.808149 0.753340
1 0.639400 0.899849 0.640731 0.914690 0.678471 0.911570 0.676809 0.897230
1 0.718541 0.895240 0.719699 0.908459 0.755780 0.906210 0.754939 0.892750
1 0.786200 0.890870 0.787360 0.903591 0.822610 0.901220 0.822110 0.888629
1 0.479129 0.909580 0.479629 0.925539 0.520030 0.922300 0.518870 0.906961
1 0.552290 0.904720 0.553450 0.920299 0.592351 0.917560 0.591349 0.902101
1 0.246720 0.924289 0.245880 0.940000 0.288611 0.937630 0.289610 0.921800
1 0.359601 0.918680 0.400329 0.915439 0.400329 0.930770 0.359430 0.933389
1 0.243880 0.762621 0.243880 0.779251 0.284750 0.776910 0.285780 0.760030
3 0.170030 0.337150 0.179150 0.338739 0.181921 0.356700 0.171660 0.356210
