1 0.283149 0.347341 0.283849 0.361339 0.286181 0.362570 0.324930 0.362390 0.327960 0.361169 0.327631 0.345410 0.286181 0.345760
1 0.385850 0.346290 0.385780 0.361360 0.427640 0.360989 0.428569 0.359940 0.427640 0.345590 0.388420 0.345060
3 0.038389 0.510760 0.000000 0.511910 0.000000 0.528190 0.037390 0.527309 0.037701 0.521900
3 0.969570 0.331040 0.970161 0.334380 0.971261 0.340011 0.971760 0.347020 0.999769 0.346110 0.999769 0.329830
3 0.036879 0.607489 0.027871 0.607470 0.014500 0.607939 0.000000 0.607820 0.000000 0.624000 0.034680 0.623731 0.035920 0.618521
1 0.187199 0.349620 0.230661 0.348079 0.230920 0.363421 0.187199 0.363620
1 0.445170 0.344820 0.486851 0.343100 0.488639 0.359590 0.445691 0.360159
1 0.523919 0.342519 0.564321 0.341759 0.566370 0.357290 0.524181 0.358440
1 0.601389 0.341950 0.643840 0.339841 0.644860 0.356140 0.601900 0.356140
1 0.868060 0.356900 0.871389 0.353839 0.879570 0.359779 0.883660 0.374550 0.875731 0.383750 0.873429 0.375501 0.871389 0.368220 0.870621 0.361120
1 0.653810 0.339259 0.696510 0.337729 0.698560 0.354219 0.654580 0.355951
1 0.710831 0.337920 0.753529 0.336390 0.754811 0.352880 0.711081 0.354410
1 0.760941 0.337150 0.804659 0.335431 0.805430 0.352300 0.761961 0.353260
1 0.827421 0.335620 0.856821 0.334470 0.870880 0.335431 0.870880 0.350959 0.827670 0.351921
1 0.909230 0.332360 0.952701 0.331021 0.955509 0.346360 0.911790 0.347700
3 0.222951 0.488831 0.299909 0.484809 0.300420 0.499960 0.294281 0.500151 0.292491 0.502061 0.222951 0.503599
2 0.302719 0.486719 0.302470 0.501490 0.377890 0.500340 0.377890 0.484610
2 0.457150 0.483850 0.457150 0.498230 0.531300 0.496700 0.529760 0.481549
2 0.568630 0.481740 0.569900 0.495539 0.645070 0.494200 0.642771 0.479251
2 0.657089 0.479049 0.659141 0.493820 0.735070 0.493050 0.732771 0.477899
2 0.771940 0.476751 0.775259 0.492279 0.834580 0.488831 0.838161 0.475410
1 0.913331 0.474450 0.948861 0.473880 0.952439 0.488831 0.916139 0.489410
3 0.985430 0.473109 0.999491 0.472341 0.999741 0.487300 0.989010 0.486921
1 0.224479 0.638599 0.265140 0.636681 0.265140 0.652980 0.223971 0.654321
1 0.428261 0.632460 0.469169 0.631689 0.469421 0.647230 0.429029 0.648381
1 0.671711 0.628050 0.711599 0.627090 0.713901 0.643389 0.672731 0.643580
1 0.747649 0.626900 0.788301 0.626320 0.790859 0.642239 0.749440 0.642430
3 0.801590 0.626320 0.803639 0.641859 0.834580 0.641660 0.837899 0.625361
3 0.941711 0.623831 0.916139 0.624981 0.917930 0.631120 0.915880 0.634760 0.913840 0.633610 0.912561 0.634949 0.913840 0.641091 0.945539 0.640130
1 0.956279 0.624210 0.959860 0.639750 0.999741 0.638599 0.997190 0.624210 0.966760 0.625170 0.962159 0.624020
2 0.058289 0.716261 0.058810 0.730641 0.131160 0.729680 0.131419 0.713769
2 0.235219 0.780881 0.233690 0.797370 0.305280 0.796409 0.305280 0.779149
2 0.594750 0.772440 0.666340 0.772061 0.667110 0.788171 0.596029 0.788930
1 0.893130 0.767271 0.931480 0.765921 0.935310 0.782031 0.896711 0.782799
1 0.913331 0.924119 0.914351 0.938120 0.953980 0.937349 0.952190 0.922400
2 0.564330 0.932750 0.636681 0.930641 0.637451 0.946180 0.565350 0.947330
3 0.000000 0.946880 0.000000 0.962419 0.059321 0.962419 0.060079 0.946500
2 0.232150 0.939020 0.231641 0.954170 0.302719 0.954170 0.302470 0.938249
2 0.008471 0.819041 0.078009 0.818591 0.078611 0.833100 0.006650 0.834461
