1 0.873021 0.587360 0.830560 0.588871 0.831380 0.592040 0.831580 0.597160 0.832890 0.606070 0.873749 0.604720 0.873249 0.600320
1 0.735990 0.828260 0.718581 0.828340 0.709900 0.828960 0.697829 0.829090 0.700049 0.845060 0.738070 0.842400
1 0.337010 0.845760 0.333660 0.845630 0.318861 0.846110 0.296660 0.846991 0.296860 0.850790 0.297561 0.862239 0.313200 0.862150 0.325289 0.862090 0.337479 0.861471 0.336830 0.856269
1 0.793651 0.825280 0.788980 0.825121 0.755840 0.826161 0.756060 0.833690 0.758021 0.841630 0.795079 0.839790
1 0.611340 0.833860 0.596139 0.834359 0.571751 0.835299 0.572890 0.844849 0.573700 0.851689 0.611520 0.849590 0.611340 0.846110
1 0.486261 0.838810 0.466389 0.839391 0.447369 0.840361 0.447479 0.847400 0.447789 0.856091 0.487631 0.854701
1 0.665971 0.831231 0.653831 0.831409 0.643340 0.831120 0.627680 0.832330 0.629549 0.847861 0.646711 0.847750 0.667899 0.846859
2 0.421751 0.707810 0.407211 0.708249 0.347129 0.710959 0.347110 0.719860 0.347211 0.727309 0.391181 0.725431 0.421949 0.724380
2 0.876050 0.223039 0.873249 0.220590 0.796800 0.220579 0.797150 0.236169 0.798791 0.239149 0.877801 0.239060
2 0.330971 0.711199 0.255371 0.713249 0.254379 0.729701 0.330439 0.727131
2 0.807250 0.695749 0.794379 0.696409 0.735439 0.698440 0.736111 0.712581 0.736660 0.714461 0.787820 0.713241 0.807841 0.711991
2 0.882000 0.821261 0.842491 0.822370 0.814129 0.823661 0.815240 0.830221 0.816501 0.839660 0.834211 0.838319 0.842670 0.838020 0.861921 0.836490 0.883761 0.835070
2 0.413401 0.228120 0.415500 0.244219 0.435570 0.244219 0.450049 0.243699 0.493931 0.242470 0.494860 0.240720 0.496270 0.225579 0.416669 0.226190
2 0.318669 0.391059 0.317880 0.382931 0.233420 0.383179 0.232871 0.388421 0.233310 0.395340 0.233560 0.400851 0.308140 0.400051 0.317899 0.400151
2 0.300070 0.233290 0.299970 0.227150 0.216480 0.228739 0.216060 0.239310 0.215910 0.246040 0.300710 0.243979 0.300189 0.237131
2 0.670219 0.223260 0.749690 0.223690 0.750850 0.240781 0.670810 0.241220
2 0.672220 0.376190 0.673389 0.393141 0.754020 0.391530 0.754020 0.374000
2 0.510840 0.596640 0.432859 0.599970 0.433560 0.604701 0.434620 0.610469 0.435390 0.615989 0.510850 0.611961
2 0.280170 0.488171 0.281921 0.503950 0.362549 0.503071 0.362549 0.486859
2 0.240439 0.606490 0.317561 0.604300 0.319321 0.620509 0.239860 0.622271
2 0.329830 0.603860 0.406370 0.599919 0.407540 0.615690 0.331590 0.619639
2 0.671050 0.594219 0.669881 0.610000 0.745259 0.607370 0.744090 0.591150
2 0.836480 0.696199 0.837911 0.710930 0.908079 0.707400 0.906650 0.692820
