2 0.28315009337068164 0.34733998599439775 0.28384990662931836 0.36133998599439776 0.28617997198879547 0.3625700280112045 0.3249299719887955 0.36239005602240904 0.32796008403361343 0.36116999299719893 0.3276339869281045 0.3454100140056022 0.28617997198879547 0.34575997899159666
2 0.3858499066293184 0.3462899159663866 0.3857829131652661 0.3613616946778711 0.42764005602240895 0.36099002100840333 0.4285700280112044 0.35993995098039216 0.42764005602240895 0.3455899859943978 0.3884199346405229 0.34506004901960785
2 0.03838842203548086 0.5107587535014005 0.0 0.5119093137254902 0.0 0.5281899509803922 0.037391456582633056 0.5273100490196079 0.03770168067226891 0.5219017857142857
2 0.9695672268907564 0.3310381652661064 0.9701612978524744 0.33438007703081235 0.9712642390289449 0.34000717787114854 0.9717633053221287 0.3470234593837535 0.9997700746965453 0.3461099439775911 0.9997700746965453 0.32983000700280113
2 0.036880018674136324 0.6074900210084034 0.027871848739495796 0.6074658613445377 0.014495564892623715 0.6079404761904762 0.0 0.6078158263305322 0.0 0.6239952731092437 0.034684173669467785 0.623734068627451 0.035924369747899164 0.6185199579831933
2 0.18719631185807656 0.34961712184873955 0.23066153127917835 0.34808298319327735 0.2309171335200747 0.3634236694677872 0.18719631185807656 0.3636153711484594
2 0.44517460317460317 0.3448231792717087 0.4868499066293184 0.3430973389355742 0.4886395891690009 0.35958858543417366 0.44568580765639587 0.3601638655462185
2 0.5239232026143791 0.3425220588235295 0.5643200280112045 0.3417550770308123 0.5663655462184873 0.3572874649859944 0.5241788048552755 0.358438025210084
2 0.6013933239962652 0.34194677871148454 0.6438356676003736 0.33983753501400554 0.6448583099906628 0.3561369047619047 0.601904528478058 0.3561369047619047
2 0.8680644257703082 0.35690388655462185 0.8713881886087769 0.3538357843137255 0.8795700280112044 0.359780287114846 0.8836608309990663 0.3745456932773109 0.875734827264239 0.38375 0.8734337068160598 0.3755043767507003 0.8713881886087769 0.36821761204481795 0.8706211484593838 0.36112254901960783
2 0.6538132586367881 0.33926225490196077 0.6965112044817927 0.3377281162464986 0.6985567226890756 0.354219362745098 0.6545802987861812 0.3559452030812325
2 0.710829131652661 0.3379198179271709 0.7535273109243696 0.3363858543417367 0.7548055555555555 0.3528769257703081 0.7110849673202614 0.3544110644257703
2 0.7609418767507001 0.3371528361344538 0.8046626984126984 0.3354269957983193 0.8054297385620914 0.3523018207282913 0.7619645191409897 0.35326050420168076
2 0.8274180672268908 0.3356188725490196 0.8568207282913165 0.33446831232492996 0.8708830532212885 0.3354269957983193 0.8708830532212885 0.3509593837535014 0.8276736694677871 0.35191824229691876
2 0.9092345938375349 0.33235889355742304 0.9526998132586367 0.3310166316526611 0.9555121381886089 0.3463573179271709 0.9117913165266106 0.3476995798319328
2 0.2229505135387488 0.48883333333333334 0.2999091970121382 0.4848063725490196 0.3004206349206349 0.49995518207282913 0.2942843137254902 0.5001470588235294 0.29249463118580765 0.5020646008403361 0.2229505135387488 0.5035987394957984
2 0.3027217553688142 0.4867239145658263 0.3024659197012138 0.5014893207282913 0.377890756302521 0.5003387605042017 0.377890756302521 0.48461467086834736
2 0.45715056022408956 0.4838476890756303 0.45715056022408956 0.4982295168067228 0.531296918767507 0.49669537815126047 0.5297628384687209 0.481546568627451
2 0.568625816993464 0.4817382703081232 0.5699042950513539 0.49554481792717087 0.6450732959850608 0.494202556022409 0.6427721755368814 0.4792454481792717
2 0.6570901027077498 0.4790535714285714 0.6591356209150327 0.49381897759103643 0.7350716619981326 0.4930519957983194 0.7327705415499532 0.4779031862745098
2 0.7719360410831 0.4767526260504201 0.7752598039215687 0.4922850140056022 0.8345770308123249 0.48883333333333334 0.83815639589169 0.47541018907563026
2 0.9133253968253967 0.4744515056022409 0.9488646125116715 0.4738762254901961 0.9524439775910364 0.48883333333333334 0.9161379551820729 0.48940861344537806
2 0.9854264705882353 0.47310924369747903 0.9994885620915032 0.4723420868347339 0.9997443977591035 0.48729919467787114 0.9890058356676004 0.48691579131652657
2 0.22448459383753502 0.6385961134453781 0.2651372549019608 0.6366785714285714 0.2651372549019608 0.6529779411764706 0.22397315592903827 0.6543203781512605
2 0.4282591036414566 0.6324599089635854 0.46916736694677874 0.6316929271708683 0.4694232026143791 0.6472253151260504 0.42902614379084963 0.6483758753501401
2 0.6717105508870215 0.6280495448179272 0.7115961718020541 0.6270906862745098 0.7138972922502334 0.6433900560224088 0.6727334267040149 0.6435819327731093
2 0.7476465919701214 0.6268989845938375 0.7882992530345472 0.6263237044817928 0.7908562091503267 0.6422394957983194 0.7494365079365078 0.6424313725490197
2 0.8015945378151259 0.6263237044817928 0.803640056022409 0.6418560924369748 0.8345770308123249 0.6416642156862745 0.8379007936507936 0.6253648459383753
2 0.9417056489262372 0.6238308823529412 0.9161379551820729 0.6249814425770308 0.9179276377217553 0.6311176470588236 0.9158821195144725 0.6347610294117647 0.9138368347338935 0.633610469187675 0.9125583566760036 0.634952731092437 0.9138368347338935 0.6410889355742297 0.9455408496732026 0.6401302521008403
2 0.9562791783380018 0.6242142857142857 0.959858776844071 0.6397466736694678 0.9997443977591035 0.6385961134453781 0.997187441643324 0.6242142857142857 0.9667619047619048 0.6251731442577031 0.9621598972922503 0.6240225840336134
1 0.05829435107376284 0.7162580532212885 0.05880578898225956 0.730639880952381 0.1311624649859944 0.7296811974789916 0.13141806722689076 0.713765231092437
1 0.23522292250233426 0.7808804271708684 0.2336888422035481 0.7973716736694678 0.3052784780578898 0.7964128151260503 0.3052784780578898 0.7791545868347339 0.2784269885730143 0.7798160816051459
1 0.5947518674136321 0.7724431022408963 0.6663412698412698 0.7720596988795517 0.6671083099906628 0.7881671918767508 0.5960301120448179 0.7889343487394957
2 0.8931269841269841 0.767265756302521 0.9314785247432308 0.7659233193277311 0.9353137254901961 0.782030987394958 0.8967063492063491 0.782797969187675
2 0.9133253968253967 0.924123599439776 0.9143482726423904 0.9381218487394958 0.9539780578898225 0.9373548669467787 0.9521883753501402 0.9223977591036414
1 0.5643263305322129 0.93275262605042 0.6366827731092437 0.9306433823529412 0.6374498132586368 0.9461757703081232 0.5653489729225023 0.9473263305322128
1 0.0 0.9468830532212884 0.0 0.9624154411764707 0.05931699346405229 0.9624154411764707 0.060084033613445366 0.9464996498599441
1 0.23215476190476192 0.9390210084033613 0.2316435574229692 0.9541698179271708 0.3027217553688142 0.9541698179271708 0.3024659197012138 0.9382540266106443
1 0.008465919701213818 0.8190400910364146 0.07800770308123249 0.8185866596638656 0.0786125116713352 0.8330997899159666 0.006651727357609711 0.8344602591036414
