2 0.18971335200746964 0.7550350140056022 0.18863375350140055 0.7733072478991597 0.19576867413632124 0.7735050770308124 0.21078011204481795 0.773109943977591 0.2359547152194211 0.7729485294117647 0.23567950513538746 0.7540477941176471 0.2110200746965453 0.7545500700280112
2 0.6709052287581698 0.402687149859944 0.6542546685340802 0.4029656862745098 0.620922268907563 0.4031271008403361 0.6213800186741364 0.40774002100840334 0.6220448179271709 0.4202328431372549 0.6733020541549953 0.42040283613445373 0.6725 0.4157899159663866
2 0.7541647992530346 0.4015563725490196 0.7327299253034547 0.4022921918767507 0.7046295518207283 0.4023643207282913 0.7049500466853408 0.4198200280112045 0.7551062091503268 0.4198828781512605 0.7542689075630252 0.41037762605042016
2 0.9026598972922502 0.4003900560224089 0.9037156862745098 0.41287289915966385 0.9040838001867413 0.41865283613445375 0.9531367880485527 0.4191829481792717 0.9518984593837536 0.40831337535014006 0.9512100840336134 0.40019222689075634 0.927640056022409 0.40023721988795524
2 0.9997700746965453 0.7386199229691877 0.9584500466853408 0.7395 0.9616057422969189 0.7557799369747901 0.9626500933706817 0.7573499649859944 0.9997700746965453 0.7568300070028012
2 0.6207943510737629 0.8421971288515406 0.6227448646125117 0.860389355742297 0.6675763305322129 0.8589350490196078 0.6656708683473389 0.8411206232492997 0.631234360410831 0.8419285714285714
2 0.965577964519141 0.6400327380952381 0.967080065359477 0.6501836484593838 0.9678274976657328 0.657390056022409 1.0 0.6571836484593838 1.0 0.6395035014005602 0.9788758169934639 0.639359943977591 0.9716003734827264 0.6395842086834733
2 0.0 0.6340192577030812 0.00027521008403361347 0.6521221988795518 0.01106279178338002 0.6523286064425772 0.019460550887021474 0.6523636204481792 0.020414332399626516 0.6454800420168066 0.02151517273576097 0.6341806722689076 0.00882236227824463 0.6340821078431372
2 0.1447217553688142 0.27740861344537815 0.14523926237161533 0.2961836484593837 0.2421267507002801 0.2967671568627451 0.2425301120448179 0.2913200280112045 0.242359010270775 0.28646516106442577 0.24235667600373487 0.27728361344537816 0.1765504201680672 0.2776157212885154
2 0.27296171802054153 0.27828343837535013 0.27268650793650795 0.2974817927170868 0.36819607843137253 0.29768820028011206 0.36792086834733895 0.27910924369747897
1 0.4188410364145658 0.27869642857142857 0.5124241363211951 0.27890283613445377 0.5135249766573295 0.2985140056022409 0.4196666666666667 0.29830742296918766
1 0.7082413632119515 0.27766421568627453 0.8009985994397759 0.27766421568627453 0.8020994397759104 0.29727538515406166 0.7098928571428571 0.29768820028011206
2 0.8450375816993464 0.27828343837535013 0.8458632119514472 0.2970688025210084 0.9369691876750701 0.2970688025210084 0.9358681139122315 0.27745780812324927
2 0.8007233893557423 0.4017303921568628 0.8497168534080298 0.4004917717086835 0.8530196078431372 0.41886432072829133 0.8029253034547152 0.41948371848739496
2 0.5221762371615313 0.40338182773109243 0.5227268907563025 0.4213415616246499 0.5725459850606909 0.42092874649859946 0.5711697012138188 0.4027626050420168
2 0.43574976657329595 0.40358841036414567 0.4850184407096172 0.4031754201680673 0.4858440709617181 0.4215479691876751 0.43547432306255834 0.4211351540616246
2 0.15995518207282913 0.4027626050420168 0.15802847805788983 0.41989653361344537 0.21004948646125116 0.42072233893557426 0.21225140056022412 0.4023497899159664
2 0.3069353408029879 0.40379481792717087 0.3570298786181139 0.40358841036414567 0.3573050887021475 0.42072233893557426 0.30666013071895426 0.4213415616246499
2 0.07128828197945845 0.30656477591036413 0.07514169000933707 0.32741456582633055 0.09798692810457517 0.3311304271708683 0.09358309990662933 0.31007422969187676
2 0.17505532212885158 0.5425178571428572 0.2257000466853408 0.5423112745098039 0.22432399626517274 0.5594453781512605 0.1739542483660131 0.5606838235294118
2 0.229828898225957 0.5421048669467787 0.2799232026143791 0.5414856442577031 0.27937278244631186 0.5596517857142858 0.22955345471521946 0.5600646008403362
2 0.29203384687208217 0.5410728291316527 0.34075210084033614 0.5400406162464986 0.34075210084033614 0.5586195728291317 0.29120821661998136 0.5592387955182072
2 0.45332703081232495 0.539421218487395 0.5003937908496732 0.5388019957983193 0.5014946311858076 0.5565551470588236 0.45332703081232495 0.5567617296918768
2 0.6454472455648925 0.5375633753501401 0.6936150793650794 0.5369441526610644 0.6949913632119514 0.5546973039215687 0.6468235294117648 0.5553167016806723
2 0.8282476657329599 0.5361183473389356 0.8312754435107377 0.5534586834733894 0.879718253968254 0.5528394607843137 0.8758648459383752 0.5344669117647058
2 0.18606489262371614 0.6523401610644257 0.23175560224089636 0.6506887254901961 0.23037931839402429 0.6698869047619047 0.1855144724556489 0.6711255252100841
2 0.24001283846872076 0.6508951330532213 0.23863655462184874 0.6692676820728292 0.28763001867413635 0.6684418767507002 0.28790522875816993 0.649450105042017
2 0.31790686274509805 0.6484178921568627 0.3170812324929972 0.667203431372549 0.3646984126984127 0.6667904411764706 0.36579925303454724 0.6477986694677871
2 0.38317810457516344 0.6477986694677871 0.38235224089635855 0.6659648109243698 0.42941900093370683 0.6653454131652662 0.42996942110177405 0.6469728641456582
2 0.4387773109243697 0.646766456582633 0.4437317927170868 0.6463536414565827 0.4437317927170868 0.6492436974789917 0.4852936507936508 0.6492436974789917 0.4858440709617181 0.6645197829131653 0.4387773109243697 0.6645197829131653
2 0.5089645191409897 0.6453214285714286 0.5089645191409897 0.6482114845938375 0.5056617647058824 0.6490372899159663 0.5059369747899161 0.6634875700280112 0.5527282913165266 0.6634875700280112 0.5516274509803921 0.6453214285714286
2 0.584656629318394 0.6461472338935574 0.5860329131652661 0.6630747549019609 0.6325492530345471 0.6618361344537815 0.6306225490196078 0.6447022058823529
2 0.6443846872082166 0.6438764005602241 0.6900751633986928 0.6436699929971987 0.6925522875816994 0.6624553571428572 0.6460361811391223 0.6624553571428572
2 0.7162233893557421 0.6436699929971987 0.7627394957983193 0.6434635854341737 0.7652168534080297 0.6612167366946778 0.7189757236227825 0.6614231442577031
2 0.8343029878618115 0.6432571778711484 0.8367803454715219 0.6601846988795518 0.883296451914099 0.660391106442577 0.8799936974789915 0.64284418767507
2 0.3818018207282913 0.7503958333333334 0.4274922969187675 0.7485379901960785 0.42831816059757233 0.7681491596638653 0.38207703081232497 0.7695941876750699
2 0.5483244631185807 0.746267156862745 0.5929140989729225 0.7452351190476191 0.5948408029878618 0.7642268907563026 0.5497007469654529 0.7654655112044818
2 0.6347511671335201 0.7454415266106443 0.6804416433239964 0.7444093137254901 0.6823683473389356 0.7627818627450981 0.636953081232493 0.7634010854341736
2 0.7341141456582634 0.7435835084033614 0.7792542016806724 0.7433771008403361 0.780905695611578 0.7613368347338936 0.7365915032679738 0.7621626400560224
2 0.8323762838468721 0.74234506302521 0.876140056022409 0.7409000350140056 0.8786174136321194 0.758859593837535 0.8343029878618115 0.7603046218487396
2 0.6917266573295984 0.8404007352941175 0.7354904295051354 0.8387492997198879 0.7376923436041083 0.8567088585434174 0.6939285714285713 0.8581538865546218
2 0.7687950513538749 0.8381299019607843 0.8128340336134454 0.8368912815126051 0.8153111577964519 0.8550574229691876 0.7718225957049486 0.8556766456582633
2 0.835954481792717 0.8356526610644256 0.8794430438842205 0.8346206232492998 0.8819204014939309 0.8529931722689075 0.8384318394024277 0.8540252100840336
2 0.920454481792717 0.834827030812325 0.9611904761904762 0.832969012605042 0.9647686741363214 0.8509287464985995 0.9223811858076565 0.853405987394958
2 0.9622915499533149 0.8342076330532212 0.9997247899159664 0.832969012605042 0.9997247899159664 0.8507223389355743 0.9653193277310925 0.8521673669467787
2 0.007431605975723623 0.9665577731092437 0.08835340802987862 0.9632549019607843 0.08725233426704014 0.9799760154061624 0.007431605975723623 0.9828660714285715
1 0.2221218487394958 0.9607776610644259 0.3013921568627451 0.9583005952380952 0.3008417366946779 0.9737830882352941 0.2221218487394958 0.9750215336134453
2 0.01211064425770308 0.8559096638655462 0.010459383753501401 0.8742822128851541 0.09330765639589171 0.8736629901960785 0.09468394024276376 0.8536390056022409
1 0.3704785247432307 0.9560297619047619 0.44864775910364146 0.9535525210084033 0.44864775910364146 0.9698608193277312 0.37075373482726426 0.9721314775910364
1 0.4772731092436975 0.9537589285714286 0.555717787114846 0.9506624649859944 0.555717787114846 0.966764355742297 0.4772731092436975 0.9690350140056022
1 0.6622371615312792 0.9485982142857143 0.6638886554621848 0.9634613095238096 0.7406818394024277 0.9599520308123249 0.7398559757236228 0.9432309173669468
1 0.9380700280112044 0.9376572128851541 0.9399967320261438 0.9564425770308123 0.9994495798319327 0.9537589285714286 0.9994495798319327 0.9351799719887954
2 0.5158457049486461 0.8445558473389356 0.5596094771241831 0.842904411764706 0.5609857609710551 0.8612769607843137 0.5161209150326798 0.8635477941176471
2 0.4184091970121382 0.8468266806722689 0.46272362278244633 0.8449688375350141 0.46299883286647997 0.8639606092436974 0.4181339869281046 0.8654056372549018
2 0.20588258636788048 0.8511617647058823 0.2097359943977591 0.8511617647058823 0.2111122782446312 0.8538454131652661 0.21771802054154993 0.8538454131652661 0.23092973856209154 0.8515745798319329 0.2510226423902895 0.8503359593837534 0.25074743230625585 0.8693279061624649 0.2042310924369748 0.8705665266106444
2 0.30744771241830066 0.8495103291316526 0.3509362745098039 0.8482717086834736 0.3509362745098039 0.8668506652661064 0.3060714285714286 0.8680892857142857
2 0.02504715219421102 0.7370043767507003 0.02257002801120448 0.7557897408963585 0.00027521008403361347 0.7570283613445378 0.00027521008403361347 0.7380364145658262
2 0.041011437908496734 0.3819394257703081 0.05422315592903828 0.38235224089635855 0.05367250233426704 0.3980411414565826 0.03908473389355742 0.3988669467787115
2 0.9859626517273575 0.513437324929972 0.9997247899159664 0.5128179271708684 0.9994495798319327 0.5309840686274511 0.9892654061624649 0.5311904761904762
