2 0.4537376283846871 0.8551165966386556 0.4514626517273576 0.868656162464986 0.47983006535947714 0.8705647759103641 0.4835957049486462 0.8696810224089636 0.4921839402427638 0.8696381302521007 0.4937000466853408 0.8567899159663867
2 0.3756006069094305 0.48423056722689073 0.3768548085901027 0.49629411764705883 0.41438025210084034 0.4964740896358543 0.4133781512605042 0.4843597689075631
2 0.4709346405228758 0.6017622549019608 0.43539309056956116 0.6012079831932773 0.4359365079365079 0.6106822478991597 0.4711017740429505 0.6110337885154061
2 0.9655441176470587 0.5043047969187675 0.9997700746965453 0.5049422268907563 1.0 0.4927776610644258 0.9705382819794585 0.4918380602240896
1 0.25849276377217556 0.8485505952380953 0.25331372549019604 0.8631761204481794 0.2939098972922502 0.8645 0.2987462651727357 0.8498839285714286
2 0.6021353874883286 0.3716526610644258 0.600360877684407 0.3838783263305323 0.6401223155929039 0.3840661764705883 0.6426185807656395 0.3721139705882352
2 0.892734827264239 0.5025877100840336 0.9308972922502334 0.5034756652661064 0.9355466853408029 0.4908398109243698 0.8969140989729225 0.4898499649859944
2 0.8547815126050421 0.3785859593837536 0.8950739962651727 0.3785259103641457 0.9004551820728292 0.36464408263305326 0.8599605508870215 0.36478974089635857
2 0.607829365079365 0.8617925420168068 0.6091365546218488 0.8763662464985995 0.6514059290382819 0.8771179971988795 0.6487198879551821 0.862296043417367
2 0.22759010270774976 0.3690500700280112 0.23226003734827264 0.3811300770308123 0.26733309990662935 0.38143627450980394 0.27230532212885156 0.38153168767507006 0.2680112044817927 0.36978378851540616
2 0.5124124649859945 0.3838102240896359 0.5517231559290382 0.38388620448179267 0.5529269374416433 0.3719261204481793 0.5130389822595705 0.371781862745098
2 0.8584147992530347 0.8742990196078432 0.8656858076563959 0.8868319327731092 0.9073380018674136 0.8864739145658262 0.8992556022408964 0.8745386904761905
2 0.6838459383753501 0.48540038515406164 0.6818401027077498 0.4980700280112045 0.7204442110177404 0.4981216736694678 0.7225646591970122 0.4856062675070028
2 0.36171591970121386 0.3706120448179272 0.3627917833800186 0.38006214985994397 0.3634306722689075 0.3823842787114846 0.4026897759103642 0.3832981442577031 0.40206349206349207 0.3712260154061625
2 0.5170604575163399 0.8576684173669469 0.5162572362278245 0.8723974089635854 0.5571164799253034 0.8746265756302521 0.5571370214752568 0.8603855042016807
2 0.28132236227824464 0.3695878851540616 0.2823870214752568 0.3727120098039215 0.28448692810457515 0.381437675070028 0.3193830532212885 0.3820421918767507 0.32458520074696545 0.38218942577030807 0.3214299719887956 0.3700999649859944
2 0.7527058823529412 0.3710546218487395 0.7113015873015872 0.37147268907563025 0.7081788048552755 0.3838454131652661 0.7482759103641456 0.3838359593837535
2 0.9140999066293183 0.7127100840336135 0.9486281512605043 0.712983893557423 0.9527728758169934 0.7033618697478992 0.9180714285714285 0.7029438025210084
1 0.8072415966386555 0.7018420868347338 0.8054878618113912 0.7138461134453782 0.8404010270774976 0.7138202030812324 0.84184477124183 0.7020112044817927
2 0.7438046218487393 0.866624299719888 0.7473989262371616 0.881206057422969 0.7899915966386556 0.8828800770308124 0.7854813258636788 0.8678965336134454
2 0.48879995331465914 0.7655800070028012 0.48763001867413636 0.7713599439775911 0.4902000466853408 0.7724100140056023 0.4981300186741363 0.772580007002801 0.5016300186741364 0.7738100490196078 0.5095700280112045 0.7738100490196078 0.512140056022409 0.7717100840336134 0.5123699813258636 0.7669800420168067 0.5097999533146592 0.7645299369747899 0.48996008403361346 0.7641799719887955
2 0.472343837535014 0.37172163865546215 0.43184126984126986 0.37106390056022404 0.43323085901027075 0.3835540966386554 0.472218720821662 0.3837921918767507
2 0.8289904295051354 0.4882386204481793 0.8262341269841271 0.5021447829131653 0.8643197945845005 0.5029905462184874 0.8675772642390289 0.48917822128851546
2 0.5382112511671335 0.4851377801120449 0.5377103174603175 0.49697706582633056 0.5754199346405229 0.4973527661064426 0.575795985060691 0.4851377801120449
2 0.24617950513538753 0.48325857843137254 0.24906092436974792 0.4955675770308122 0.28752240896358544 0.49584943977591034 0.2851421568627451 0.48382247899159664
2 0.25344584500466855 0.5984551820728292 0.25557563025210084 0.6086031162464985 0.291531512605042 0.6087909663865546 0.2897775443510737 0.5985491946778712
2 0.3653225957049486 0.5999586834733893 0.36645004668534076 0.6093546918767507 0.4017794117647059 0.6100124299719888 0.4011531279178338 0.6005224089635854
2 0.5210478524743231 0.6024016106442577 0.5567530345471522 0.6035290616246499 0.555750700280112 0.6130192577030812 0.5202959850606909 0.6121734943977591
2 0.5960915032679739 0.6041867997198879 0.631922035480859 0.60503256302521 0.6302934173669468 0.6146165966386554 0.5947133520074697 0.6138648459383754
2 0.6503384687208217 0.6056903011204482 0.6485845004668535 0.6148044467787115 0.6845403828197945 0.6159320728291316 0.6867955182072829 0.6065358893557423
2 0.963737161531279 0.621219012605042 0.9998951914098975 0.6211076680672268 0.9998951914098975 0.6131675420168067 0.9695877684407095 0.6129716386554621
2 0.8987724089635855 0.6126433823529411 0.9351041083099907 0.6131132703081232 0.9288398692810458 0.6210999649859944 0.8926335200746965 0.6207240896358543
2 0.8134554154995332 0.6129252450980393 0.8090704948646125 0.6209119397759103 0.8450263772175536 0.6215696778711485 0.8497871148459385 0.6132071078431373
2 0.263343137254902 0.6986179971988795 0.2652224556489262 0.7075442927170869 0.2998001867413632 0.7073564425770307 0.2979208683473389 0.6982421218487395
2 0.5175399159663866 0.6987120098039216 0.5174145658263305 0.7078261554621847 0.5514911297852475 0.708296043417367 0.5516164799253035 0.6990878851540616
