0 0.06851851851851852 0.16822916666666668 0.06420185185185184 0.18303072916666666 0.10460462962962963 0.1797328125 0.1259259259259259 0.1786458333333333 0.13148148148148148 0.17552083333333332 0.13703703703703704 0.16041666666666668 0.10185185185185185 0.16145833333333337
0 0.5555555555555556 0.12552083333333333 0.5518518518518518 0.14166666666666666 0.6435185185185185 0.13645833333333332 0.675 0.13020833333333334 0.6833333333333332 0.10885416666666665 0.6027777777777777 0.11302083333333333 0.5666666666666667 0.11979166666666669
2 0.07407407407407407 0.2682291666666667 0.07685185185185185 0.2760416666666667 0.10462962962962961 0.2760416666666667 0.10925925925925925 0.27239583333333334 0.11018518518518519 0.26458333333333334 0.10740740740740741 0.2630208333333333 0.07962962962962963 0.2640625
2 0.22037037037037038 0.26875 0.22037037037037038 0.2755208333333333 0.2574074074074074 0.2755208333333333 0.262037037037037 0.2734375 0.2657407407407407 0.26145833333333335 0.25462962962962965 0.25885416666666666 0.2324074074074074 0.26145833333333335
2 0.28888888888888886 0.2713541666666667 0.28888888888888886 0.2760416666666667 0.33148148148148154 0.275 0.337037037037037 0.271875 0.3398148148148148 0.26145833333333335 0.33148148148148154 0.25729166666666664 0.29907407407407405 0.26145833333333335
2 0.37222222222222223 0.265625 0.37129629629629624 0.27239583333333334 0.41759259259259257 0.275 0.4222222222222222 0.271875 0.4268518518518519 0.2546875 0.4148148148148148 0.253125 0.387037037037037 0.2546875
2 0.48055555555555557 0.26875 0.47962962962962963 0.27291666666666664 0.48518518518518516 0.27447916666666666 0.537962962962963 0.27239583333333334 0.5462962962962963 0.2609375 0.5472222222222223 0.25104166666666666 0.5314814814814814 0.2526041666666667 0.5046296296296297 0.25104166666666666 0.487962962962963 0.25625
2 0.5833333333333334 0.26197916666666665 0.5805555555555556 0.2682291666666667 0.5833333333333334 0.27239583333333334 0.6435185185185185 0.2713541666666667 0.6509259259259259 0.26510416666666664 0.6564814814814813 0.24791666666666667 0.6444444444444444 0.24583333333333332 0.5981481481481481 0.24791666666666667
2 0.687037037037037 0.2552083333333333 0.6814814814814816 0.2703125 0.7472222222222222 0.2677083333333333 0.7583333333333333 0.2635416666666667 0.7648148148148148 0.24791666666666667 0.7620370370370371 0.24375 0.6944444444444444 0.24739583333333337
2 0.09074074074074075 0.365625 0.09166666666666666 0.3729166666666666 0.09814814814814815 0.3796875 0.125 0.38177083333333334 0.13240740740740742 0.38020833333333326 0.13256447878412614 0.377734459150008 0.13333333333333333 0.365625 0.09537037037037037 0.36354166666666665
2 0.13703703703703704 0.37083333333333335 0.13333333333333333 0.3729166666666666 0.13333333333333333 0.38020833333333326 0.15 0.38333333333333336 0.16944444444444445 0.38333333333333336 0.175 0.3729166666666666 0.1703703703703704 0.3692708333333334 0.14722222222222223 0.3671875
2 0.19074074074074074 0.37604166666666666 0.18888888888888888 0.38697916666666665 0.22407407407407404 0.3875 0.22685185185185186 0.37604166666666666 0.21296296296296297 0.36979166666666674 0.19907407407407407 0.36979166666666674
2 0.2611111111111111 0.38333333333333336 0.2601851851851852 0.390625 0.2722222222222222 0.39375 0.2962962962962963 0.3953125 0.30277777777777776 0.390625 0.30185185185185187 0.378125 0.2796296296296296 0.3765625 0.26851851851851855 0.37864583333333335
2 0.3175925925925926 0.3828125 0.31574074074074077 0.39427083333333335 0.3194444444444444 0.3963541666666666 0.3416666666666666 0.39895833333333336 0.35833333333333334 0.396875 0.36203703703703705 0.38697916666666665 0.35833333333333334 0.38020833333333326 0.32685185185185184 0.37916666666666665
2 0.375 0.38541666666666674 0.37407407407407406 0.4015625 0.4064814814814815 0.40520833333333334 0.4148148148148148 0.40520833333333334 0.4212962962962963 0.4015625 0.42314814814814816 0.3885416666666666 0.4203703703703704 0.3848958333333334 0.3805555555555556 0.38229166666666664
2 0.4472222222222222 0.3953125 0.44629629629629636 0.40885416666666674 0.48055555555555557 0.4109375 0.4981481481481482 0.409375 0.5018518518518519 0.39375 0.4981481481481482 0.39114583333333336 0.45648148148148154 0.38697916666666665 0.45185185185185184 0.38802083333333326
2 0.562037037037037 0.40572916666666664 0.5611111111111111 0.415625 0.6138888888888889 0.41875 0.6231481481481481 0.4109375 0.625 0.40104166666666674 0.6194444444444445 0.3984375 0.5768518518518518 0.39375
2 0.6481481481481481 0.40885416666666674 0.6444444444444444 0.41458333333333336 0.6472222222222223 0.42083333333333334 0.6805555555555556 0.42447916666666674 0.7027777777777777 0.42447916666666674 0.7111111111111111 0.42291666666666666 0.7222222222222221 0.4083333333333334 0.7222222222222221 0.40364583333333326 0.7166666666666667 0.40104166666666674 0.6712962962962963 0.39791666666666664 0.6564814814814813 0.4015625
2 0.13518518518518519 0.49375 0.12962962962962962 0.5010416666666667 0.13425925925925927 0.5046875 0.16666666666666663 0.5078125 0.1703703703703704 0.49895833333333334 0.1685185185185185 0.49322916666666666 0.1398148148148148 0.490625
2 0.17962962962962967 0.503125 0.1787037037037037 0.5098958333333333 0.18425925925925926 0.5130208333333334 0.1962962962962963 0.515625 0.21574074074074073 0.5151041666666667 0.2175925925925926 0.49947916666666664 0.19537037037037033 0.49583333333333335 0.1824074074074074 0.4984375
2 0.24537037037037038 0.5125 0.2462962962962963 0.5223958333333333 0.2759259259259259 0.528125 0.2833333333333333 0.5260416666666666 0.28888888888888886 0.5151041666666667 0.2824074074074074 0.5083333333333333 0.25092592592592594 0.5057291666666667
2 0.5148148148148148 0.5609375 0.5138888888888888 0.5645833333333333 0.5194444444444445 0.5671875 0.5666666666666667 0.5723958333333333 0.5740740740740741 0.5651041666666666 0.575 0.5557291666666667 0.5666666666666667 0.5515625 0.5287037037037037 0.5463541666666667 0.5231481481481481 0.5489583333333333
2 0.675 0.5838541666666667 0.674074074074074 0.5890625 0.6787037037037037 0.5916666666666667 0.7361111111111112 0.5994791666666667 0.7416666666666667 0.5979166666666667 0.749074074074074 0.58125 0.7416666666666667 0.5770833333333333 0.6888888888888889 0.5703125
1 0.13240740740740742 0.5807291666666666 0.13333333333333333 0.5921875 0.17592592592592593 0.6026041666666667 0.19907407407407407 0.6052083333333333 0.2037037037037037 0.5921875 0.19444444444444448 0.5859375 0.14444444444444443 0.5770833333333333 0.13703703703703704 0.5770833333333333
1 0.2046296296296296 0.5989583333333334 0.20277777777777778 0.6057291666666667 0.2074074074074074 0.6083333333333333 0.2601851851851852 0.6213541666666667 0.26851851851851855 0.6197916666666666 0.2722222222222222 0.6088541666666667 0.2675925925925926 0.6020833333333333 0.22037037037037038 0.5911458333333334 0.20925925925925923 0.5927083333333333
1 0.30185185185185187 0.615625 0.2972222222222222 0.6265625 0.3037037037037037 0.6307291666666667 0.37407407407407406 0.6458333333333335 0.3768518518518518 0.6296875 0.3694444444444444 0.6234375 0.31851851851851853 0.6130208333333333 0.30833333333333335 0.6125
1 0.4685185185185185 0.6588541666666665 0.4685185185185185 0.6682291666666668 0.47685185185185186 0.6713541666666667 0.5453703703703704 0.6875 0.5564814814814815 0.6895833333333333 0.5611111111111111 0.6880208333333333 0.5666666666666667 0.6703125 0.5601851851851852 0.6661458333333333 0.5120370370370371 0.6536458333333335 0.48425925925925933 0.6489583333333333 0.4740740740740741 0.6520833333333332
1 0.612037037037037 0.6963541666666667 0.6129629629629629 0.7026041666666667 0.6287037037037037 0.7067708333333332 0.7175925925925926 0.7270833333333333 0.7240740740740741 0.725 0.7296296296296296 0.7098958333333333 0.6972222222222222 0.6958333333333333 0.6240740740740741 0.6817708333333333 0.6175925925925926 0.684375
1 0.14629629629629629 0.684375 0.14351851851851852 0.6958333333333333 0.14722222222222223 0.6979166666666665 0.19166666666666668 0.7109375 0.20185185185185187 0.7109375 0.20555555555555555 0.6947916666666667 0.15092592592592594 0.6817708333333333
1 0.2101851851851852 0.6994791666666668 0.2064814814814815 0.7135416666666665 0.237962962962963 0.7223958333333332 0.24444444444444444 0.7151041666666668 0.24351851851851852 0.7078125 0.22314814814814818 0.6994791666666668 0.21666666666666667 0.6979166666666665
1 0.3138888888888889 0.740625 0.31666666666666665 0.7479166666666667 0.35 0.7598958333333333 0.3768518518518518 0.7677083333333333 0.38888888888888895 0.7661458333333333 0.39166666666666666 0.7515625 0.3851851851851852 0.746875 0.36111111111111105 0.7390625 0.325 0.7317708333333335 0.32037037037037036 0.7328125
1 0.42314814814814816 0.771875 0.4212962962962963 0.778125 0.4277777777777778 0.7828125 0.5027777777777778 0.8036458333333333 0.5074074074074074 0.7885416666666667 0.5009259259259259 0.7833333333333333 0.437962962962963 0.7630208333333335 0.4305555555555556 0.7635416666666667
1 0.5231481481481481 0.8057291666666667 0.5222222222222223 0.8104166666666667 0.5361111111111111 0.8177083333333335 0.6046296296296296 0.8385416666666665 0.612037037037037 0.8401041666666668 0.6185185185185185 0.8385416666666665 0.6212962962962963 0.8213541666666667 0.5907407407407408 0.8083333333333332 0.5361111111111111 0.79375 0.5287037037037037 0.7958333333333333
1 0.6833333333333332 0.8546875 0.6842592592592592 0.8614583333333333 0.7055555555555556 0.8697916666666665 0.7833333333333333 0.89375 0.7972222222222223 0.8953125 0.8027777777777778 0.878125 0.8 0.8697916666666665 0.7 0.840625 0.6907407407407408 0.8416666666666667
2 0.5 0.9078125 0.4981481481481482 0.9151041666666667 0.5037037037037037 0.9182291666666668 0.5814814814814815 0.9479166666666665 0.587037037037037 0.9364583333333333 0.5851851851851851 0.9307291666666667 0.5222222222222223 0.9072916666666667 0.5037037037037037 0.9041666666666667
2 0.39814814814814814 0.8692708333333333 0.399074074074074 0.8802083333333335 0.45185185185185184 0.9005208333333333 0.4675925925925926 0.9 0.4703703703703704 0.8901041666666667 0.4657407407407408 0.8864583333333332 0.4212962962962963 0.8697916666666665 0.40555555555555556 0.8661458333333333
2 0.2759259259259259 0.8255208333333335 0.2759259259259259 0.8328125 0.2898148148148148 0.840625 0.3351851851851852 0.8557291666666668 0.3398148148148148 0.8421875 0.3296296296296296 0.8348958333333333 0.28703703703703703 0.8223958333333333 0.2824074074074074 0.821875
2 0.17962962962962967 0.7880208333333333 0.17777777777777778 0.79375 0.1851851851851852 0.8020833333333335 0.21481481481481482 0.8119791666666667 0.22314814814814818 0.8114583333333333 0.22592592592592592 0.8 0.21666666666666667 0.7942708333333335 0.1851851851851852 0.7854166666666668
2 0.6629629629629631 0.965625 0.6611111111111111 0.9770833333333333 0.6777777777777778 0.9838541666666667 0.725925925925926 0.9963541666666668 0.7379629629629629 0.9942708333333333 0.7379629629629629 0.9864583333333333 0.7166666666666667 0.9765625 0.675 0.9625 0.6675925925925926 0.9619791666666667
1 0.8907407407407407 0.125 0.8898148148148148 0.1578125 0.9296296296296296 0.1630208333333333 0.9444444444444444 0.16197916666666667 0.9490740740740741 0.15833333333333333 0.9462962962962963 0.12604166666666666 0.9222222222222223 0.11927083333333334 0.9009259259259259 0.11927083333333334
