0 0.9633499066293184 0.6875 0.9605499533146592 0.6852200630252101 0.9042999533146593 0.6878499649859944 0.9017299253034549 0.6894299719887955 0.9017299253034549 0.6974800420168067 0.9038300653594772 0.7009800420168069 0.9614799253034546 0.6976500350140056 0.9642899159663866 0.6953800770308124
2 0.938609943977591 0.6971300770308123 0.9351099439775911 0.6957300420168068 0.9330100373482726 0.6873200280112044 0.9304400093370682 0.6857500000000001 0.9239000933706817 0.6869700630252101 0.9042999533146593 0.6873200280112044 0.9014899626517274 0.6895999649859944 0.9019600840336133 0.6974800420168067 0.9040599906629319 0.7009800420168069 0.9313699813258637 0.6995800070028012
2 0.8790800653594772 0.6885500700280112 0.8809500466853407 0.701330007002801 0.8858499066293184 0.7023800770308122 0.8986900093370681 0.7009800420168069 0.899390056022409 0.6965999649859944 0.8979899626517274 0.6911799719887955 0.8961300186741363 0.6885500700280112 0.8886598972922503 0.6860999649859945 0.8807198879551821 0.6875
0 0.25337394957983195 0.32493382352941175 0.25397875816993465 0.3408074229691877 0.3367061157796452 0.3424311974789916 0.3356325863678805 0.32632930672268906
1 0.5681146125116713 0.32981810224089636 0.5688300653594771 0.3456514355742297 0.6428802521008403 0.34628221288515404 0.6418608776844071 0.330703606442577 0.6122850318357327 0.3303484761087776
1 0.7601946778711485 0.3316934523809524 0.7616981792717087 0.3467272408963586 0.8319813258636788 0.34729096638655466 0.8297261904761905 0.33244502801120446
1 0.9387371615312792 0.3326330532212885 0.9399899626517274 0.34653921568627444 0.9998746498599439 0.34578764005602236 0.9998746498599439 0.33244502801120446
1 0.9260838001867413 0.42415126050420165 0.9295917366946779 0.4386213235294118 0.9937359943977591 0.4382454481792717 0.9899773576097107 0.4237755602240897
2 0.638937908496732 0.44623231792717083 0.6399402427637721 0.46126610644257704 0.7111001400560224 0.4604203431372549 0.7094715219421103 0.44519870448179266
2 0.4222005135387489 0.44792349439775914 0.423327964519141 0.46361502100840335 0.4984969654528479 0.4632393207282913 0.49699369747899164 0.44754761904761897
1 0.2598352007469655 0.44999072128851547 0.2602110177404295 0.46558823529411764 0.340516806722689 0.46474264705882357 0.34001563958916897 0.44905112044817924
2 0.2015791316526611 0.36213690476190474 0.21034897292250232 0.36251278011204474 0.2128545751633987 0.3801773459383753 0.20483660130718953 0.3799894957983193
2 0.055625116713352005 0.4506484593837535 0.055625116713352005 0.467561449579832 0.14357282913165267 0.46662184873949575 0.1430718954248366 0.4500847338935574
0 0.08494094304388422 0.5741136204481793 0.08418930905695611 0.5907447478991597 0.16499603174603172 0.5880199579831933 0.1632420634920635 0.585670868347339 0.16574789915966387 0.571858543417367
2 0.28877450980392155 0.5681939775910364 0.2890249766573296 0.5835098039215686 0.3673260971055089 0.5813485644257703 0.36669981325863676 0.565657037815126
0 0.46028524743230625 0.5626503851540616 0.4615380485527545 0.5783419117647058 0.5331993464052288 0.5756169467787114 0.5315704948646125 0.5608650210084034
1 0.6909290382819795 0.557952205882353 0.6933092903828197 0.5715766806722689 0.7612121848739496 0.5697913165266106 0.758080065359477 0.5565428921568627
0 0.9336006069094305 0.6023960084033614 0.9377350606909431 0.6165842086834734 0.9988725490196079 0.614141106442577 0.9947380952380952 0.599859068627451
0 0.6401907096171803 0.6652561274509804 0.7073417366946778 0.6625311624649861 0.7103485060690943 0.6772830882352942 0.6429470121381885 0.6801020658263305
0 0.48784803921568615 0.6712696078431373 0.5576300186741363 0.6680749299719888 0.5596344537815127 0.683390581232493 0.4893515406162465 0.6866792717086835
0 0.26672572362278246 0.683296743697479 0.2664752567693744 0.6996460084033613 0.34402450980392163 0.6956055672268907 0.34352357609710554 0.6789744397759104
1 0.02079668534080299 0.7025588235294119 0.021172735760971055 0.7133643207282914 0.00012535014005602243 0.7146797969187676 0.00025046685340802987 0.7037802871148461
2 0.0 0.8305341386554622 0.05775490196078431 0.8262118347338937 0.05662745098039216 0.843688725490196 0.00025046685340802987 0.8481048669467787
2 0.28401377217553686 0.8089229691876751 0.2842644724556489 0.8251782212885154 0.3585564892623716 0.8202923669467788 0.35792997198879556 0.8039431022408963
2 0.37108473389355745 0.808359243697479 0.37146055088702146 0.8189768907563025 0.4434974323062558 0.8140908613445379 0.4429962651727358 0.8053524159663865 0.41117483660130716 0.8065738795518207
2 0.48371288515406163 0.7952986694677872 0.4845898692810458 0.8112720588235294 0.5537455648926237 0.8064800420168067 0.5524927637721755 0.7907885154061626
0 0.6287892156862745 0.7854325980392156 0.6300420168067227 0.8003725490196077 0.6951886087768441 0.7956743697478992 0.6934346405228758 0.7812983193277312
2 0.7238781512605043 0.7791372549019607 0.7253814192343604 0.7937013305322129 0.7887740429505137 0.7894730392156863 0.7875212418300653 0.774908963585434
0 0.8932600373482726 0.7822379201680673 0.8953898225957049 0.7965201330532213 0.9548984593837535 0.7922918417366946 0.9525182072829133 0.7778217787114845
0 0.9562766106442578 0.7780096288515407 0.9582812791783382 0.7917281162464985 1.0 0.7888153011204482 0.9998746498599439 0.7747211134453782
0 0.9072915499533145 0.8968707983193278 0.9105487861811392 0.9122804621848739 0.9699323062558356 0.9061729691876751 0.9668004201680672 0.8913270308123251
2 0.9850915032679738 0.8905754551820728 0.9880982726423901 0.9047634803921568 1.0 0.9029782913165266 1.0 0.8888841036414565
0 0.7214985994397759 0.9148174019607843 0.7238788515406163 0.9314485294117647 0.7889000933706817 0.9248713235294117 0.7857682072829132 0.9088039215686274
0 0.5707845471521942 0.9289115896358544 0.5736661998132586 0.9458245798319328 0.6420700280112045 0.9391533613445379 0.638937908496732 0.9228040966386556
0 0.2734908963585434 0.9566302521008403 0.2734908963585434 0.9738251050420168 0.3505392156862745 0.9666839985994397 0.3499129318394024 0.9495831582633055
1 0.016036181139122314 0.9822412464985995 0.014658029878618114 1.0 0.09822082166199814 0.9921073179271709 0.09884733893557422 0.9741607142857143
1 0.9189486461251167 0.5154975490196079 0.9228218954248366 0.5299147408963586 0.984937441643324 0.5280856092436975 0.9799164332399628 0.5137760854341736
