2 0.4731598972922502 0.8497899159663865 0.4482635387488329 0.8508599439775909 0.434390289449113 0.8517596288515407 0.43534010270774975 0.8676500350140056 0.47452357609710544 0.8657001050420168
2 0.5989864612511672 0.8438795518207283 0.5938401027077498 0.8440099789915966 0.5604600840336135 0.8455899859943979 0.5613734827264238 0.8620103291316527 0.5646841736694678 0.8620222338935575 0.5800700280112044 0.861169992997199 0.5892579365079365 0.8600803571428572 0.6005539215686275 0.8597303921568628
2 0.8596902427637721 0.6019311974789916 0.8596339869281046 0.5969602591036415 0.8265854341736695 0.5976999299719887 0.8183835200746965 0.5984296218487395 0.820923669467787 0.6144604341736695 0.8270102707749766 0.6145099789915967 0.838469887955182 0.6139700630252101 0.8484372082166199 0.6137205882352942 0.8608071895424836 0.6130306372549019 0.8604098972922504 0.6080199579831933
2 0.7252600373482727 0.8377100840336135 0.7132310924369747 0.8386197478991596 0.7049500466853408 0.8387599789915967 0.6958454715219421 0.8394798669467788 0.6867233893557423 0.8397093837535015 0.6886297852474325 0.8564499299719889 0.7263606442577032 0.8543103991596639 0.7261900093370681 0.849609943977591
2 0.7831335200746965 0.8352897408963585 0.7787100840336136 0.8354299719887954 0.754155929038282 0.8361598389355742 0.7448335667600374 0.8370497198879552 0.7467299253034547 0.8524002100840335 0.7735800653594771 0.8513699229691877 0.7844971988795518 0.8509803921568628
2 0.655 0.8417400210084034 0.6296666666666667 0.84227993697479 0.6162334267040149 0.8433693977591037 0.6178767507002801 0.8592202380952381 0.6226974789915967 0.8592498249299719 0.656327264239029 0.8573000700280111
2 0.3225999066293184 0.8573200280112044 0.2822429971988795 0.8586903011204483 0.2819831932773109 0.8747704831932773 0.29584897292250234 0.8741001400560223 0.30784710550887023 0.873360644257703 0.3216764705882353 0.8726407563025211
1 0.3081134453781513 0.3911495098039216 0.3029733893557423 0.39074019607843136 0.24790009337068158 0.3904100140056022 0.2224467787114846 0.39101908263305324 0.22318650793650793 0.40804044117647054 0.30853057889822594 0.4078504901960784
1 0.6583877217553687 0.6022795868347339 0.6586377217553686 0.6125502450980392 0.6591638655462185 0.6180709033613445 0.7060882352941177 0.6163804271708683 0.7333935574229692 0.6158405112044818 0.7334395424836601 0.6123312324929971 0.7327364612511673 0.6062484243697479 0.7322600373482726 0.6005197829131652 0.7281029411764706 0.6004602591036415 0.6804598506069095 0.6015201330532213
1 0.39471335200746965 0.6136810224089636 0.3944339402427638 0.6092102591036415 0.3167831465919701 0.6119705882352942 0.3171575630252101 0.6189921218487395 0.3176307189542484 0.6284009103641457 0.39511391223155923 0.625280637254902 0.39496008403361343 0.6190500700280113
1 0.7359899626517274 0.2363399859943978 0.6586771708683473 0.2358298319327731 0.6588842203548085 0.252890756302521 0.6809164332399626 0.25311029411764707 0.6899869281045752 0.2530707282913165 0.7368144257703081 0.25239058123249297 0.7364600840336134 0.24859996498599435
1 0.49981605975723625 0.6117412464985994 0.4988069561157797 0.6058704481792717 0.44587301587301587 0.607110294117647 0.42351750700280116 0.6084273459383753 0.42335084033613446 0.6142918417366947 0.42405088702147525 0.6214306722689076 0.4243370681605975 0.624390756302521 0.4921647992530346 0.6223958333333334 0.5001673669467788 0.6221603641456583 0.5000032679738562 0.6197202380952381
1 0.8946076097105508 0.7014093137254902 0.8543038517743037 0.7031440859949591 0.8274470121381886 0.7043000700280112 0.8244600840336135 0.7050099789915966 0.8260999066293183 0.7205899859943979 0.8419666199813259 0.7197396708683473 0.8959941643323996 0.7168093487394959 0.8951269841269842 0.7080575980392158
1 0.29158870214752564 0.2376348039215686 0.2838643790849673 0.23767524509803922 0.20710550887021476 0.23791999299719888 0.2073718487394958 0.24001995798319326 0.20772642390289447 0.24345080532212882 0.20822455648926236 0.2549630602240896 0.2915233426704015 0.25495220588235296 0.29108006535947717 0.2524499299719888
1 0.7948200280112044 0.7055299369747899 0.7245599906629319 0.7079800420168066 0.7247899159663865 0.7223399859943979 0.724889122315593 0.7240899859943979 0.7966171802054156 0.721390756302521
1 0.8706500933706817 0.8306192226890758 0.803295985060691 0.8338499649859944 0.8039199346405229 0.8400015756302521 0.8050338468720821 0.845031862745098 0.8055599906629318 0.849609943977591 0.8144299719887955 0.849609943977591 0.8729404761904762 0.84549912464986 0.8720697945845005 0.839798494397759
1 0.26096988795518206 0.722859943977591 0.24041013071895423 0.7235700280112044 0.24088025210084033 0.7400001750700281 0.25767693744164333 0.739140056022409 0.31647899159663867 0.7374693627450981 0.316781746031746 0.7329490546218487 0.31723856209150325 0.7211992296918767
1 0.8604066293183941 0.23514968487394955 0.8569264705882352 0.2352801120448179 0.7838564425770308 0.23615021008403364 0.7837833800186742 0.23857125350140054 0.7837675070028012 0.23909663865546218 0.7837577030812325 0.2394248949579832 0.7833965919701213 0.251390056022409 0.8571566293183941 0.25118032212885155 0.8615436507936508 0.25078081232493
1 0.4087299253034547 0.7181400560224089 0.3965901027077498 0.7181003151260503 0.35851353874883285 0.7193303571428571 0.3339542483660132 0.7206097689075631 0.33397082166199815 0.7285591736694677 0.3338067226890756 0.7369508053221288 0.4091636321195145 0.7341607142857143 0.40944281045751635 0.7297767857142855
1 0.3055996732026144 0.6125302871148459 0.29751540616246497 0.6124809173669468 0.22639355742296918 0.614970413165266 0.22611064425770308 0.6314602591036415 0.3055830999066293 0.6284604341736695
1 0.3512735760971055 0.49473021708683473 0.3192936507936508 0.4950603991596638 0.31136694677871146 0.49545990896358544 0.2698797852474323 0.4961500350140057 0.26960014005602245 0.5073499649859944 0.2698797852474323 0.5128410364145658 0.30697992530345475 0.5115103291316526 0.3512570028011205 0.5108103991596639
1 0.404952847805789 0.2384908963585434 0.40538818860877684 0.25506109943977595 0.4861442577030812 0.2551428571428571 0.4856001400560224 0.23824597338935574
1 0.7404133986928104 0.38616036414565824 0.6610205415499533 0.38756039915966384 0.6607906162464985 0.4014003851540616 0.6613034547152193 0.40314040616246494 0.7408802521008403 0.40176032913165266
