2 0.2564814814814815 0.30572916666666666 0.33611111111111114 0.30572916666666666 0.33611111111111114 0.3260416666666666 0.2564814814814815 0.3260416666666666
2 0.55 0.2984375 0.6305555555555555 0.2984375 0.6305555555555555 0.32083333333333336 0.55 0.32083333333333336
2 0.35185185185185186 0.70625 0.425 0.70625 0.425 0.7291666666666665 0.35185185185185186 0.7291666666666665
2 0.10185185185185185 0.7098958333333333 0.16944444444444445 0.7098958333333333 0.16944444444444445 0.7296875 0.10185185185185185 0.7296875
2 0.11851851851851852 0.30572916666666666 0.2 0.30572916666666666 0.2 0.32760416666666664 0.11851851851851852 0.32760416666666664
2 0.1685185185185185 0.8145833333333333 0.23703703703703705 0.8145833333333333 0.23703703703703705 0.8385416666666665 0.1685185185185185 0.8385416666666665
2 0.3175925925925926 0.8161458333333332 0.38425925925925924 0.8161458333333332 0.38425925925925924 0.8385416666666665 0.3175925925925926 0.8385416666666665
2 0.8752222222222222 0.2875 0.9620370370370369 0.2875 0.9620370370370369 0.31197916666666664 0.8752222222222222 0.31197916666666664
2 0.27314814814814814 0.5901041666666667 0.3472222222222222 0.5901041666666667 0.3472222222222222 0.6130208333333333 0.27314814814814814 0.6130208333333333
2 0.4898148148148148 0.70625 0.5592592592592592 0.70625 0.5592592592592592 0.7276041666666667 0.4898148148148148 0.7276041666666667
2 0.41666666666666674 0.3 0.4981481481481482 0.3 0.4981481481481482 0.32291666666666674 0.41666666666666674 0.32291666666666674
2 0.4925925925925926 0.5880208333333333 0.5601851851851852 0.5880208333333333 0.5601851851851852 0.609375 0.4925925925925926 0.609375
2 0.7083333333333335 0.29375 0.7879629629629631 0.29375 0.7879629629629631 0.3177083333333333 0.7083333333333335 0.3177083333333333
2 0.0 0.59375 0.05833333333333333 0.59375 0.05833333333333333 0.6177083333333333 0.0 0.6177083333333333
2 0.7907407407407407 0.5901041666666667 0.8703703703703703 0.5901041666666667 0.8703703703703703 0.6072916666666667 0.7907407407407407 0.6072916666666667
2 0.6444444444444444 0.7036458333333333 0.7166666666666667 0.7036458333333333 0.7166666666666667 0.7260416666666667 0.6444444444444444 0.7260416666666667
2 0.003703703703703704 0.8182291666666667 0.07314814814814814 0.8182291666666667 0.07314814814814814 0.840625 0.003703703703703704 0.840625
2 0.1701388888888889 0.4686197916666666 0.25015740740740744 0.4686197916666666 0.25015740740740744 0.48845312500000004 0.1701388888888889 0.48845312500000004
2 0.47962962962962963 0.815625 0.5472222222222223 0.815625 0.5472222222222223 0.8380208333333333 0.47962962962962963 0.8380208333333333
2 0.399074074074074 0.5921875 0.46296296296296297 0.5921875 0.46296296296296297 0.6109375 0.399074074074074 0.6109375
2 0.4953703703703704 0.465625 0.5537037037037037 0.465625 0.5537037037037037 0.48385416666666664 0.4953703703703704 0.48385416666666664
2 0.9555555555555556 0.8161458333333332 1.0 0.8161458333333332 1.0 0.8385416666666665 0.9555555555555556 0.8385416666666665
2 0.5907407407407408 0.8177083333333335 0.6583333333333333 0.8177083333333335 0.6583333333333333 0.8375 0.5907407407407408 0.8375
2 0.08919444444444444 0.5932291666666667 0.15925925925925927 0.5932291666666667 0.15925925925925927 0.6145833333333334 0.08919444444444444 0.6145833333333334
2 0.8212962962962963 0.815625 0.8898148148148148 0.815625 0.8898148148148148 0.8380208333333333 0.8212962962962963 0.8380208333333333
2 0.7157407407407408 0.8182291666666667 0.7833333333333333 0.8182291666666667 0.7833333333333333 0.8385416666666665 0.7157407407407408 0.8385416666666665
2 0.7700555555555555 0.46202083333333344 0.8537037037037039 0.46202083333333344 0.8537037037037039 0.4802916666666667 0.7700555555555555 0.4802916666666667
1 0.5412407407407407 0.13958333333333334 0.6893981481481481 0.13958333333333334 0.6893981481481481 0.16666666666666663 0.5412407407407407 0.16666666666666663
2 0.6087222222222222 0.5890625 0.6805648148148148 0.5890625 0.6805648148148148 0.6083333333333333 0.6087222222222222 0.6083333333333333
1 0.5657407407407408 0.9375 0.674074074074074 0.9375 0.674074074074074 0.9588541666666667 0.5657407407407408 0.9588541666666667
1 0.07969444444444444 0.15340625000000002 0.21639814814814817 0.15340625000000002 0.21639814814814817 0.17736458333333335 0.07969444444444444 0.17736458333333335
2 0.7639972222222222 0.1355875 0.7641333333333332 0.15996927083333334 0.9246462962962965 0.1577125 0.9246462962962965 0.13063385416666667
1 0.27548796296296296 0.938496875 0.27649166666666664 0.9571130208333333 0.39286388888888896 0.9559848958333333 0.3898537037037037 0.938496875
1 0.11650370370370372 0.9366572916666667 0.12099444444444445 0.9565489583333334 0.2313472222222222 0.9576776041666668 0.22532777777777782 0.9373682291666667
