2 0.6898148148148148 0.2703125 0.7805555555555556 0.2703125 0.7805555555555556 0.29375 0.6898148148148148 0.29375
2 0.3416666666666666 0.44635416666666666 0.41944444444444445 0.44635416666666666 0.41944444444444445 0.46979166666666666 0.3416666666666666 0.46979166666666666
2 0.437037037037037 0.44947916666666665 0.5157407407407407 0.44947916666666665 0.5157407407407407 0.47291666666666665 0.437037037037037 0.47291666666666665
2 0.6259259259259259 0.8255208333333335 0.700925925925926 0.8255208333333335 0.700925925925926 0.8526041666666667 0.6259259259259259 0.8526041666666667
2 0.4675925925925926 0.271875 0.5527777777777778 0.271875 0.5527777777777778 0.2953125 0.4675925925925926 0.2953125
2 0.475 0.58125 0.5527777777777778 0.58125 0.5527777777777778 0.6067708333333334 0.475 0.6067708333333334
2 0.7074074074074074 0.4552083333333334 0.7916666666666665 0.4552083333333334 0.7916666666666665 0.47760416666666666 0.7074074074074074 0.47760416666666666
2 0.26308333333333334 0.44531770833333334 0.337037037037037 0.44531770833333334 0.337037037037037 0.4695520833333333 0.26308333333333334 0.4695520833333333
2 0.5824074074074074 0.5854166666666667 0.6601851851851852 0.5854166666666667 0.6601851851851852 0.6109375 0.5824074074074074 0.6109375
2 0.35462962962962963 0.578125 0.4324074074074074 0.578125 0.4324074074074074 0.6015625 0.35462962962962963 0.6015625
2 0.7898148148148149 0.8375 0.8685185185185185 0.8375 0.8685185185185185 0.8630208333333332 0.7898148148148149 0.8630208333333332
2 0.8564814814814815 0.7255208333333333 0.9398148148148148 0.7255208333333333 0.9398148148148148 0.7510416666666667 0.8564814814814815 0.7510416666666667
2 0.5777777777777777 0.7109375 0.65 0.7109375 0.65 0.7338541666666667 0.5777777777777777 0.7338541666666667
2 0.9342592592592592 0.6052083333333333 0.999074074074074 0.6052083333333333 0.999074074074074 0.6270833333333333 0.9342592592592592 0.6270833333333333
2 0.4227407407407407 0.10104166666666665 0.5805462962962963 0.10104166666666665 0.5805462962962963 0.129203125 0.4227407407407407 0.129203125
2 0.8490740740740741 0.26927083333333335 0.9462962962962963 0.26927083333333335 0.9462962962962963 0.2942708333333333 0.8490740740740741 0.2942708333333333
2 0.21608333333333335 0.10625 0.3706203703703704 0.10625 0.3706203703703704 0.13403125 0.21608333333333335 0.13403125
2 0.23425925925925925 0.2713541666666667 0.3175925925925926 0.2713541666666667 0.3175925925925926 0.2942708333333333 0.23425925925925925 0.2942708333333333
2 0.45 0.8151041666666665 0.524074074074074 0.8151041666666665 0.524074074074074 0.8401041666666668 0.45 0.8401041666666668
2 0.7888888888888889 0.59375 0.875925925925926 0.59375 0.875925925925926 0.6192708333333333 0.7888888888888889 0.6192708333333333
1 0.6768518518518518 0.09479687499999999 0.8456018518518519 0.09479687499999999 0.8456018518518519 0.12121874999999999 0.6768518518518518 0.12121874999999999
2 0.30092592592592593 0.8088541666666668 0.3694444444444444 0.8088541666666668 0.3694444444444444 0.8302083333333333 0.30092592592592593 0.8302083333333333
2 0.975 0.853125 1.0 0.853125 1.0 0.8739583333333333 0.975 0.8739583333333333
2 0.2762222222222222 0.5770833333333333 0.3472314814814815 0.5770833333333333 0.3472314814814815 0.5973958333333333 0.2762222222222222 0.5973958333333333
2 0.6768518518518518 0.5953125 0.7537037037037037 0.5953125 0.7537037037037037 0.6151041666666667 0.6768518518518518 0.6151041666666667
2 0.09351851851851851 0.14427083333333332 0.09722222222222224 0.17708333333333337 0.12685185185185185 0.18177083333333333 0.13703703703703704 0.18125 0.1398148148148148 0.17604166666666668 0.13240740740740742 0.15104166666666666 0.1175925925925926 0.14322916666666666
2 0.2796296296296296 0.6958333333333333 0.27870370370370373 0.7130208333333333 0.2824074074074074 0.7151041666666668 0.33148148148148154 0.71875 0.3490740740740741 0.7177083333333333 0.35 0.7046875 0.3453703703703704 0.6963541666666667 0.30092592592592593 0.6927083333333335
2 0.028703703703703703 0.7953125 0.027777777777777776 0.8036458333333333 0.03518518518518519 0.8078125 0.10185185185185185 0.8145833333333333 0.13703703703703704 0.8161458333333332 0.14351851851851852 0.8140625 0.14444444444444443 0.7953125 0.1388888888888889 0.7927083333333332 0.08611111111111111 0.7864583333333335 0.03611111111111111 0.7864583333333335
2 0.032758333333333334 0.9024270833333332 0.028703703703703703 0.9145833333333333 0.030411111111111114 0.9209057291666666 0.05857777777777778 0.924865625 0.08703703703703704 0.9265625 0.1243 0.9294854166666667 0.13333333333333333 0.9229166666666667 0.13518518518518519 0.9140625 0.1360361111111111 0.9090265624999999 0.08055555555555555 0.9046875
1 0.32685185185185184 0.9307291666666667 0.32685185185185184 0.9401041666666665 0.33148148148148154 0.94375 0.4203703703703704 0.9567708333333332 0.42962962962962964 0.953125 0.43148148148148147 0.9395833333333333 0.4212962962962963 0.9348958333333335 0.3425925925925926 0.9276041666666667 0.33425925925925926 0.9276041666666667
1 0.5449370370370371 0.94591875 0.5449370370370371 0.9663776041666666 0.5613675925925926 0.9690171875 0.5990740740740741 0.9713541666666665 0.65 0.9755208333333333 0.6601851851851852 0.9682291666666667 0.6537037037037037 0.9510416666666667 0.5712962962962963 0.9473958333333333
1 0.7205111111111111 0.96264375 0.7174574074074074 0.9795765625 0.8500759259259261 0.9907958333333333 0.8489018518518519 0.9703369791666667
2 0.001851851851851852 0.6557291666666667 0.0 0.6765625 0.022222222222222223 0.6802083333333333 0.044444444444444446 0.6760416666666668 0.04537037037037037 0.6598958333333332
2 0.004629629629629629 0.5427083333333333 0.006481481481481481 0.5598958333333334 0.02314814814814815 0.5625 0.03981481481481482 0.5609375 0.04351851851851852 0.546875 0.03981481481481482 0.5432291666666667 0.013888888888888888 0.5411458333333333
