2 0.8730200746965453 0.5873599439775911 0.8305588235294118 0.5888702731092437 0.8313837535014005 0.5920442927170868 0.8315816993464052 0.597155462184874 0.8328856209150327 0.6060733543417367 0.8737469654528478 0.6047193627450981 0.8732500000000001 0.6003200280112044
2 0.7359899626517274 0.8282599789915966 0.7185826330532212 0.8283436624649859 0.7099014939309056 0.8289600840336135 0.6978281979458452 0.8290894607843139 0.7000499533146592 0.8450600490196077 0.7380711951447245 0.8423968837535013
2 0.3370091036414566 0.8457599789915966 0.33365639589169 0.8456306022408964 0.31885994397759104 0.846109943977591 0.2966580298786181 0.8469873949579833 0.29685924369747896 0.850794292717087 0.2975590569561158 0.8622440476190476 0.3131991129785247 0.8621502100840336 0.32529131652661064 0.8620880602240897 0.3374822595704948 0.8614742647058824 0.3368300653594771 0.8562699579831933
2 0.7936500933706816 0.8252799369747899 0.7889799253034546 0.8251239495798319 0.7558401027077497 0.8261600140056022 0.7560634920634921 0.8336920518207281 0.7580196078431372 0.8416297268907563 0.7950819327731092 0.8397907913165267
2 0.6113401027077499 0.8338599439775911 0.5961444911297852 0.8343608193277309 0.5717462651727357 0.8353005952380953 0.5728874883286648 0.8448536414565825 0.5736960784313725 0.8516934523809523 0.6115221755368814 0.849593487394958 0.6113401027077499 0.846109943977591
2 0.48625536881419235 0.8388105742296917 0.46638678804855277 0.8393928571428572 0.4473683473389356 0.8403590686274511 0.4474799253034547 0.8473951330532212 0.4477931839402427 0.8560899859943977 0.48762651727357614 0.8546974789915968
2 0.6659698879551822 0.8312300420168067 0.6538300653594772 0.831407387955182 0.643342670401494 0.8311197478991597 0.6276799719887955 0.8323256302521008 0.6295499533146592 0.847859943977591 0.6467114845938375 0.8477545518207282 0.6678975256769375 0.8468629201680672
1 0.4217450980392157 0.7078070728291317 0.40721428571428575 0.7082482492997199 0.34713492063492063 0.7109618347338936 0.34710597572362273 0.7198581932773109 0.34720798319327734 0.72731162464986 0.3911841736694678 0.7254296218487396 0.4219463118580766 0.7243795518207282
1 0.8760499533146592 0.22303991596638653 0.8732500000000001 0.22058998599439775 0.796797152194211 0.22058350840336133 0.7971500933706817 0.23616999299719887 0.7987899159663866 0.2391500350140056 0.8778027544351074 0.2390610994397759
1 0.33097455648926233 0.7111997549019606 0.2553699813258637 0.7132540266106443 0.25437908496732026 0.7296974789915968 0.3304437441643324 0.7271346288515407
1 0.8072509337068161 0.6957491246498599 0.794375350140056 0.6964108893557424 0.73543720821662 0.6984436274509804 0.7361083099906629 0.7125831582633053 0.7366615312791783 0.7144600840336135 0.7878200280112045 0.7132400210084033 0.8078356676003735 0.7119908963585434
2 0.8820042016806723 0.8212564775910365 0.8424934640522876 0.822373599439776 0.8141318860877685 0.8236558123249299 0.8152441643323995 0.8302153361344538 0.8165004668534082 0.8396603641456584 0.8342051820728291 0.8383226540616247 0.842672502334267 0.8380206582633053 0.8619243697478991 0.8364863445378151 0.8837591036414565 0.8350672268907564
1 0.4134000933706816 0.22811992296918768 0.4155 0.2442200630252101 0.4355700280112045 0.2442200630252101 0.4500513538748832 0.243702906162465 0.4939299719887955 0.24247006302521007 0.494859943977591 0.24072006302521007 0.49626704014939305 0.22557825630252096 0.4166699346405229 0.22618995098039213
1 0.31867343604108306 0.3910600490196079 0.3178828197945845 0.3829327731092437 0.23342016806722687 0.38317874649859945 0.23286811391223158 0.3884156162464986 0.23331162464985994 0.39534471288515405 0.23356045751633986 0.40084628851540616 0.30813655462184875 0.4000544467787115 0.3179035947712418 0.40014915966386555
1 0.30007422969187675 0.2332902661064426 0.299968487394958 0.22715458683473388 0.2164752567693744 0.2287375700280112 0.2160581232492997 0.23931442577030812 0.2159117647058824 0.24604236694677872 0.30070518207282915 0.24398056722689074 0.30018860877684406 0.23712605042016804
1 0.6702238562091503 0.2232563025210084 0.7496853408029878 0.22369450280112044 0.7508538748832866 0.24078466386554623 0.6708081232492998 0.24122286414565827
1 0.6722208216619981 0.37619082633053225 0.673389355742297 0.3931419817927171 0.6970007255907263 0.39266935451585266 0.7540196078431373 0.3915280112044817 0.7540196078431373 0.373999649859944
1 0.510842903828198 0.5966363795518207 0.4328562091503268 0.59996918767507 0.43356185807656394 0.6046985294117647 0.4346174136321196 0.6104707633053221 0.4353937908496732 0.6159910714285715 0.5108515406162465 0.6119581582633054
1 0.2801711017740429 0.48817366946778706 0.2819239028944911 0.5039490546218487 0.36255415499533145 0.5030726540616246 0.36255415499533145 0.48685906862745093
1 0.24044024276377218 0.6064896708683473 0.3175648926237162 0.6042986694677871 0.31931769374416435 0.6205122549019608 0.23985597572362274 0.622265056022409
1 0.3298347338935574 0.6038604691876751 0.406374883286648 0.5999164915966386 0.40754341736694677 0.6156920518207283 0.3315875350140056 0.6196358543417367
1 0.6710522875816993 0.5942198879551821 0.6698837535014006 0.6099952731092437 0.7452553688141923 0.6073660714285715 0.7440868347338936 0.5911523109243697
1 0.8364803921568629 0.6961971288515406 0.8379122315592905 0.7109262955182074 0.9080802987861811 0.7073974089635854 0.9066482259570495 0.6928216036414567
