2 0.6766448412698413 0.3619357638888889 0.7549599867724867 0.3627614087301587 0.7616263227513227 0.3488306051587301 0.6819361772486772 0.3482113095238095
1 0.8511901455026455 0.5000843253968253 0.9221719576719578 0.5017735615079365 0.9275730820105821 0.4880565476190476 0.8564801587301588 0.48661011904761897
0 0.525514880952381 0.9275813492063492 0.526010582010582 0.9484084821428573 0.6160701058201059 0.9460900297619048 0.615741402116402 0.9284928075396826 0.5632371031746032 0.9288960813492065 0.561849537037037 0.927172867063492
1 0.3371355820105821 0.6889042658730158 0.25787665343915345 0.6895699404761905 0.25562003968253966 0.7063499503968255 0.3356415343915344 0.7058936011904762
1 0.9743108465608465 0.35672718253968255 0.8993042328042329 0.3556500496031746 0.8910988756613757 0.3685064484126984 0.9638419312169312 0.3695399305555555
2 0.18810515873015873 0.33532291666666664 0.19201917989417988 0.3496999007936508 0.27744146825396826 0.35134995039682543 0.2748578042328042 0.3367663690476191
0 0.2790453042328042 0.9327492559523809 0.2430598544973545 0.9336592261904763 0.18523611111111107 0.9355200892857143 0.1834751984126984 0.9563487103174605 0.2776071428571429 0.9543700396825396
1 0.23352314814814815 0.5037199900793651 0.3101828703703704 0.5038070436507937 0.3077056878306878 0.4950835813492063 0.22988326719576724 0.4953658234126984
1 0.3823878968253968 0.355280753968254 0.48434490740740743 0.35809647817460316 0.4856521164021164 0.3442485119047619 0.3809500661375661 0.34085863095238106
2 0.3577999338624339 0.4548601190476191 0.3614401455026454 0.45833010912698413 0.38062003968253966 0.46031994047619046 0.3885598544973546 0.45981994047619046 0.38987996031746036 0.4588301091269841 0.3892199074074074 0.45387003968253964 0.3869001322751323 0.45088988095238103 0.3776501322751322 0.44815997023809523 0.3624298941798942 0.44890997023809526 0.3591299603174603 0.451139880952381
1 0.4993310185185185 0.6858864087301587 0.5334613095238094 0.685060515873016 0.5386908068783068 0.6869184027777778 0.547223544973545 0.6939372519841269 0.5510770502645503 0.6993045634920635 0.5009824735449735 0.7015751488095239
1 0.5067242063492063 0.49823859126984127 0.5050727513227513 0.5056701388888889 0.5771868386243386 0.5069087301587302 0.5804897486772487 0.49947718253968254
