1 0.0 0.7144777661064426 0.0 0.7297442226890756 0.030200513538748832 0.7313506652661065 0.0331500933706816 0.7163900560224089
2 0.4260690943043885 0.43175647759103647 0.4264698879551821 0.4500556722689075 0.45075 0.45010994397759096 0.45093464052287585 0.4315500700280112
1 0.0005504201680672269 0.45493785014005605 0.00027521008403361347 0.4699164915966387 0.07235994397759103 0.4705899859943978 0.07224649859943978 0.4552163865546218
2 0.5992100840336134 0.8769299719887956 0.5983389355742297 0.8930663515406162 0.6464404761904761 0.8969343487394957 0.6784656862745098 0.8995185574229693 0.678672035480859 0.8823499649859944
2 0.077515639589169 0.23321008403361346 0.08191946778711484 0.25364705882352945 0.10696661998132587 0.25529849439775915 0.10999439775910363 0.2555049019607843 0.10641619981325863 0.2354809173669468 0.10008566760037346 0.235687324929972
2 0.12568323996265174 0.20018084733893557 0.12540802987861813 0.2189662114845938 0.21100887021475256 0.21421831232493 0.21238515406162464 0.19543294817927173
1 0.2924813258636788 0.19130427170868347 0.2908298319327731 0.20905742296918767 0.381109710550887 0.204515931372549 0.3830364145658264 0.18593697478991594
2 0.5891944444444445 0.17458315826330534 0.5883685807656396 0.19295570728291317 0.6926860410831001 0.18779481792717084 0.6921356209150327 0.1690094537815126
2 0.7336974789915967 0.16632580532212884 0.7339726890756303 0.18552415966386554 0.8426942110177404 0.1811890756302521 0.8418683473389357 0.16075210084033614
1 0.8696680672268907 0.1603392857142857 0.8707689075630252 0.17912464985994397 0.9836190476190475 0.17520238095238094 0.9830686274509804 0.15435276610644258
2 0.6776893090569561 0.2817219887955182 0.6774138655462185 0.3021587885154062 0.7784285714285715 0.29803011204481794 0.7789789915966387 0.2771803221288515
2 0.6171353874883286 0.2833734243697479 0.6617250233426704 0.28234121148459385 0.6622754435107376 0.302984593837535 0.6174108309990662 0.30504884453781517
2 0.8293487394957982 0.27614828431372546 0.8293487394957982 0.2972043067226891 0.9358681139122315 0.2943142507002801 0.9361433239962652 0.2726388305322129
2 0.1453671802054155 0.299062324929972 0.14591760037348273 0.31784768907563027 0.22738982259570495 0.3147512254901961 0.22683940242763773 0.29658508403361344
2 0.34023996265172735 0.2936950280112045 0.3413410364145658 0.3133061974789916 0.42886858076563955 0.31062254901960784 0.42859337068160597 0.29018574929971985
1 0.03825887021475257 0.3465418417366946 0.03798366013071896 0.3645015756302521 0.08009593837535013 0.36346936274509806 0.08229808590102708 0.3453032212885154
2 0.3302929505135388 0.43283088235294115 0.3305681605975724 0.4493455882352941 0.4125908029878618 0.450171218487395 0.4123155929038282 0.43241806722689075
2 0.17285317460317462 0.4322116596638656 0.17312861811391222 0.4493455882352941 0.2510226423902895 0.44975840336134454 0.25074743230625585 0.43283088235294115
1 0.08229808590102708 0.5488462885154062 0.07844444444444444 0.5647415966386555 0.010734593837535014 0.5635029761904762 0.014863211951447247 0.5482270658263305
2 0.20588258636788048 0.569283088235294 0.20560737628384687 0.5853849789915967 0.2799232026143791 0.5870364145658263 0.2799232026143791 0.5707281162464986
2 0.2221603641456583 0.6919044117647059 0.22243557422969185 0.7077997198879552 0.2923475723622782 0.7117219887955183 0.2912464985994398 0.6958266806722689
2 0.06963678804855276 0.7183277310924371 0.06743487394957984 0.7333974089635855 0.1323923902894491 0.7375260854341736 0.13321802054154996 0.7220435924369748
2 0.23092973856209154 0.8463163515406162 0.229828898225957 0.8613858543417366 0.2978141923436041 0.8673725490196078 0.298639822595705 0.8516836484593837
2 0.7038373015873016 0.42994082633053227 0.7038373015873016 0.4495519957983193 0.8012738095238096 0.44872619047619045 0.8007233893557423 0.4289086134453781
