1 0.9455740740740741 0.4773234375 0.999074074074074 0.4765625 0.999074074074074 0.45989583333333334 0.9462342592592593 0.45913645833333333
2 0.5503203703703704 0.6105734374999999 0.577374074074074 0.6128005208333334 0.5786944444444444 0.5975822916666667 0.5516398148148147 0.5960979166666667
2 0.5239259259259259 0.6851781249999999 0.5462962962962963 0.6869791666666667 0.55 0.6859375 0.55 0.6697916666666667 0.5252453703703703 0.6677333333333333
2 0.5925925925925926 0.7817708333333333 0.6175925925925926 0.7833333333333333 0.6189453703703703 0.767578125 0.5965101851851852 0.7646083333333334
1 0.9422750000000001 0.5875609374999999 0.9990222222222223 0.5897880208333334 0.999074074074074 0.5703125 0.9759277777777777 0.5697447916666667 0.9429342592592593 0.5686312499999999
2 0.387037037037037 0.6770833333333335 0.4110907407407407 0.6773838541666667 0.41241018518518513 0.6636505208333332 0.3879953703703704 0.6625369791666667
2 0.02045555555555555 0.7389979166666667 0.04355092592592593 0.7419671875 0.044210185185185186 0.7256359375 0.02111574074074074 0.7237796875
2 0.12037037037037036 0.7421875 0.14120925925925926 0.7441942708333333 0.1484675925925926 0.7293473958333333 0.12867222222222224 0.7271203125
2 0.8481481481481481 0.7875 0.8481481481481481 0.8036458333333333 0.8782685185185186 0.8054369791666667 0.8777777777777778 0.7885416666666667
2 0.5141546296296297 0.7755208333333333 0.5373027777777778 0.7770833333333332 0.5437212962962964 0.7597833333333334 0.5169324074074074 0.7598958333333333
2 0.5505324074074075 0.778125 0.5753944444444444 0.779084375 0.5806731481481481 0.7623817708333332 0.555162037037037 0.7614583333333332
2 0.3569824074074074 0.7612682291666667 0.38403611111111113 0.7631239583333334 0.3866759259259259 0.7479057291666666 0.36137685185185187 0.7463541666666668
2 0.7703703703703704 0.690625 0.7712962962962961 0.7010416666666667 0.7842592592592592 0.703125 0.8 0.7020833333333333 0.8009259259259259 0.6901041666666665 0.798148148148148 0.6875 0.7879629629629631 0.6848958333333335 0.775 0.6854166666666667 0.7722222222222223 0.6859375
2 0.7304611111111111 0.6981692708333332 0.7568555555555555 0.7007671875 0.7601851851851852 0.6854166666666667 0.7311203703703704 0.6836937500000001
2 0.39723333333333327 0.7653510416666667 0.42314814814814816 0.7671875 0.42692685185185186 0.7516177083333333 0.4031722222222222 0.7505041666666667
2 0.812962962962963 0.690625 0.812037037037037 0.7015625 0.8148148148148148 0.7041666666666667 0.8342592592592593 0.7057291666666665 0.8444444444444444 0.7041666666666667 0.8453703703703703 0.6927083333333335 0.8416666666666667 0.6885416666666667 0.8175925925925925 0.6864583333333333
1 0.0 0.8306765625 0.0 0.8451520833333334 0.03167314814814815 0.8488640625000001 0.036291666666666667 0.8340171875000002
2 0.7715620370370371 0.7796875 0.772487962962963 0.7958333333333333 0.7993398148148149 0.7984375 0.7993398148148149 0.78125
2 0.6333333333333333 0.784375 0.6605157407407407 0.7868786458333333 0.6631555555555555 0.7712895833333333 0.6370370370370371 0.76875
2 0.25602407407407407 0.7538447916666668 0.2777990740740741 0.7553291666666666 0.28307870370370375 0.7415958333333333 0.2611111111111111 0.7395833333333335
2 0.6974685185185184 0.7898479166666666 0.725925925925926 0.7916666666666665 0.7268518518518519 0.7755208333333333 0.7027777777777777 0.7744791666666667
2 0.4473824074074074 0.6807244791666666 0.4731166666666667 0.6814666666666667 0.47509629629629635 0.6658776041666666 0.4480425925925926 0.6636505208333332
2 0.48425925925925933 0.7723958333333333 0.5100685185185185 0.7738880208333333 0.5127083333333333 0.7586697916666665 0.4898148148148148 0.7572916666666667
2 0.4425925925925926 0.76875 0.4678379629629629 0.7709182291666665 0.4731166666666667 0.7557005208333333 0.4481481481481481 0.753125
2 0.6231481481481481 0.6916666666666668 0.6481481481481481 0.6927083333333335 0.6509259259259259 0.6911458333333332 0.6518518518518519 0.6786458333333333 0.649074074074074 0.6760416666666668 0.6248842592592593 0.6755281249999999
2 0.14907407407407408 0.7447916666666665 0.1728824074074074 0.7464213541666667 0.17750092592592595 0.7323166666666665 0.15555555555555556 0.73125
2 0.6925925925925925 0.6963541666666667 0.7212962962962963 0.6973958333333333 0.7203703703703703 0.6807291666666667 0.6935092592592592 0.680353125
1 0.5978296296296296 0.9067661458333334 0.6605157407407407 0.9134473958333333 0.6632287037037037 0.9003713541666667 0.6017888888888889 0.8945177083333333
1 0.054768518518518515 0.25499322916666667 0.10359722222222223 0.2538796875 0.09963796296296296 0.2676130208333333 0.05146851851851852 0.26909791666666666
1 0.0006601851851851852 0.25573541666666666 0.048169444444444445 0.25536458333333334 0.04552962962962963 0.2705822916666667 0.0 0.2705822916666667
1 0.11745462962962963 0.2531375 0.11481481481481481 0.26872656250000004 0.1676037037037037 0.26687083333333333 0.16826296296296295 0.25128177083333336
1 0.1893787037037037 0.25016822916666664 0.18739907407407408 0.26649947916666666 0.24018796296296296 0.26464375 0.2415074074074074 0.24719843749999998
1 0.2692212962962963 0.24756979166666668 0.2646027777777778 0.26464375 0.3160712962962963 0.26241666666666663 0.31739074074074075 0.24645625000000002
1 0.33982592592592586 0.2457140625 0.3352074074074074 0.2616744791666667 0.3906351851851852 0.26018958333333336 0.3952537037037038 0.24348697916666664
1 0.4229675925925926 0.24163125000000002 0.4190083333333333 0.2594473958333333 0.4744370370370371 0.2572203125 0.47641666666666665 0.24051770833333333
2 0.1398898148148148 0.3370218749999999 0.16496388888888888 0.33627916666666663 0.16166481481481484 0.353353125 0.13593055555555555 0.35298177083333326
2 0.17090277777777774 0.3370218749999999 0.19597777777777778 0.33739270833333335 0.19333796296296296 0.3522395833333334 0.16694351851851852 0.353353125
2 0.2005962962962963 0.33665052083333336 0.1972972222222222 0.3526109375 0.2223712962962963 0.35186822916666666 0.22435092592592593 0.33665052083333336
2 0.23556851851851848 0.33627916666666663 0.23358888888888893 0.3526109375 0.2586638888888889 0.3522395833333334 0.2613027777777778 0.33627916666666663
2 0.2692212962962963 0.33627916666666663 0.26724166666666666 0.3526109375 0.2936361111111111 0.3522395833333334 0.29627592592592594 0.33516562499999997
2 0.3061731481481481 0.33405208333333325 0.30485370370370374 0.35186822916666666 0.3312481481481481 0.3511260416666666 0.3319074074074074 0.3347947916666667
2 0.3411453703703704 0.33405208333333325 0.33982592592592586 0.35149739583333334 0.3682 0.35149739583333334 0.3675398148148148 0.33330989583333337
2 0.37677777777777777 0.3325677083333333 0.3741388888888889 0.35038385416666673 0.4011925925925926 0.3507546875 0.4025120370370371 0.3321963541666666
2 0.40977037037037045 0.33330989583333337 0.4071314814814815 0.3511260416666666 0.4361648148148148 0.35038385416666673 0.4361648148148148 0.3325677083333333
2 0.4421037037037037 0.3325677083333333 0.4427638888888889 0.34964114583333333 0.47245740740740744 0.3492703125 0.47245740740740744 0.3314541666666667
2 0.4830148148148148 0.3325677083333333 0.4823546296296296 0.34889895833333334 0.5080898148148147 0.34889895833333334 0.5100685185185185 0.3310828125
2 0.5133685185185185 0.3310828125 0.5107287037037037 0.34889895833333334 0.5410824074074074 0.34852812499999997 0.5437212962962964 0.3299692708333334
2 0.549000925925926 0.330340625 0.5463611111111112 0.3492703125 0.5760546296296296 0.34852812499999997 0.5760546296296296 0.330340625
2 0.5819935185185185 0.32959843749999995 0.5806731481481481 0.34815677083333335 0.611687037037037 0.3477854166666667 0.6110268518518518 0.32885572916666667
2 0.661175925925926 0.3281135416666666 0.6591962962962963 0.34592968749999997 0.6902101851851852 0.3451875 0.6916481481481482 0.327
2 0.6975870370370371 0.3281135416666666 0.6969268518518519 0.3444447916666667 0.7272805555555554 0.3448161458333334 0.7266203703703704 0.3266286458333333
2 0.7417972222222222 0.3266286458333333 0.7398175925925926 0.34370260416666665 0.7721509259259259 0.34333125000000003 0.7721509259259259 0.32625781249999997
2 0.7813888888888889 0.32625781249999997 0.7794092592592592 0.34296041666666677 0.809762962962963 0.34184687500000005 0.8124018518518519 0.32477291666666663
2 0.8262592592592592 0.32477291666666663 0.8242796296296296 0.34258906249999993 0.8572722222222222 0.34184687500000005 0.8585916666666666 0.3232885416666667
2 0.8665101851851851 0.32625781249999997 0.8645305555555555 0.34184687500000005 0.9008222222222223 0.34073333333333333 0.900162962962963 0.3218036458333334 0.8671703703703703 0.3218036458333334
2 0.11163425925925924 0.3370218749999999 0.10965462962962963 0.353353125 0.13406944444444444 0.3526109375 0.13604907407407407 0.33627916666666663
2 0.052787037037037035 0.33665104166666665 0.07918518518518518 0.33665104166666665 0.07918518518518518 0.3537239583333333 0.052787037037037035 0.3537239583333333
2 0.011879629629629629 0.33702604166666666 0.0362962962962963 0.33702604166666666 0.0362962962962963 0.3548437499999999 0.011879629629629629 0.3548437499999999
1 0.5780342592592593 0.23717708333333334 0.5760546296296296 0.254621875 0.6367611111111111 0.2523947916666667 0.6380814814814815 0.23532135416666666
1 0.7390388888888889 0.231609375 0.7383796296296297 0.24719843749999998 0.8037046296296296 0.24460052083333333 0.8063444444444444 0.2275265625
1 0.8294398148148148 0.2271557291666667 0.8274601851851853 0.24348697916666664 0.8960851851851852 0.2408890625 0.9000444444444444 0.22233020833333333
2 0.03167314814814815 0.43129843749999996 0.0303537037037037 0.44577395833333333 0.048829629629629626 0.44651666666666673 0.050809259259259255 0.4316697916666667
2 0.056087962962962964 0.4316697916666667 0.053448148148148154 0.44651666666666673 0.07786296296296297 0.4468875 0.07984259259259259 0.4316697916666667
2 0.601787037037037 0.4353854166666667 0.630824074074074 0.4353854166666667 0.630824074074074 0.4539427083333333 0.601787037037037 0.4539427083333333
2 0.6829537037037038 0.4361197916666667 0.715287037037037 0.4361197916666667 0.715287037037037 0.45467708333333334 0.6829537037037038 0.45467708333333334
2 0.5582407407407407 0.4357552083333333 0.5859537037037037 0.4357552083333333 0.5859537037037037 0.4539427083333333 0.5582407407407407 0.4539427083333333
2 0.5278851851851851 0.4361239583333333 0.5259055555555555 0.45319739583333335 0.5542796296296296 0.45282656250000003 0.5569185185185185 0.43686614583333333
2 0.49027314814814815 0.43686614583333333 0.5186472222222223 0.43575260416666667 0.5166675925925925 0.45208385416666663 0.49027314814814815 0.45134166666666675
2 0.45398148148148143 0.4361239583333333 0.48169537037037036 0.4361239583333333 0.4783962962962963 0.45134166666666675 0.4520018518518518 0.45208385416666663
2 0.41702962962962964 0.43575260416666667 0.4447435185185185 0.4364947916666667 0.4407842592592593 0.45208385416666663 0.41372962962962956 0.4517130208333333
2 0.3846962962962962 0.4361239583333333 0.41174999999999995 0.43575260416666667 0.4084509259259259 0.45134166666666675 0.3807370370370371 0.4517130208333333
2 0.3569824074074074 0.43575260416666667 0.3820564814814815 0.43686614583333333 0.3813972222222223 0.45134166666666675 0.3550027777777778 0.4509703125
2 0.3253092592592593 0.43538125 0.3503833333333333 0.43575260416666667 0.3484037037037037 0.4509703125 0.3233296296296297 0.45059947916666665
2 0.2982546296296296 0.4361239583333333 0.3233296296296297 0.43463906249999995 0.32068981481481484 0.45059947916666665 0.2956157407407407 0.45059947916666665
2 0.26394259259259256 0.43463906249999995 0.28901666666666664 0.4350104166666667 0.2857175925925926 0.45059947916666665 0.26196296296296295 0.450228125
2 0.23226944444444445 0.43463906249999995 0.25668425925925925 0.43426770833333334 0.252725 0.44874375 0.22897037037037038 0.4483723958333334
2 0.20191574074074073 0.43352552083333334 0.2250111111111111 0.43352552083333334 0.22435092592592593 0.44911458333333326 0.20191574074074073 0.44763020833333333
2 0.1636444444444444 0.4327833333333333 0.19003888888888887 0.4331546875 0.1867388888888889 0.4480010416666667 0.16232499999999997 0.44763020833333333
2 0.1293314814814815 0.4331546875 0.15506666666666669 0.43426770833333334 0.1511074074074074 0.4480010416666667 0.12801203703703704 0.44763020833333333
2 0.08116203703703703 0.43204114583333336 0.10623703703703705 0.43241197916666674 0.10293796296296297 0.44725885416666666 0.07786296296296297 0.44725885416666666
2 0.048169444444444445 0.5059036458333334 0.06994444444444445 0.5047901041666667 0.06862499999999999 0.5196369791666666 0.048169444444444445 0.519265625
2 0.07258425925925927 0.5051614583333334 0.09369999999999999 0.5059036458333334 0.09303981481481483 0.5207505208333333 0.06928518518518519 0.5203791666666667
2 0.09699907407407407 0.5073885416666667 0.1207537037037037 0.5070171875 0.11943425925925927 0.5211213541666667 0.09435925925925925 0.5207505208333333
2 0.1313111111111111 0.507759375 0.15638611111111111 0.5085015625 0.15572592592592593 0.5218640625000001 0.13197129629629628 0.5214927083333333
2 0.19267777777777778 0.5092442708333333 0.21577314814814816 0.5099864583333333 0.21445370370370373 0.5233484374999999 0.19201851851851848 0.52260625
2 0.2646027777777778 0.5099864583333333 0.29165648148148143 0.5114713541666667 0.2876972222222222 0.525946875 0.26328240740740744 0.5248333333333333
2 0.3160712962962963 0.5122135416666667 0.34246574074074076 0.5133270833333333 0.34048611111111116 0.5281739583333334 0.3160712962962963 0.52743125
2 0.3497240740740741 0.5129557291666667 0.37809722222222225 0.514440625 0.37545833333333334 0.5285447916666667 0.3503833333333333 0.5289161458333334
2 0.3807370370370371 0.5151828125 0.4084509259259259 0.5151828125 0.405812037037037 0.5296583333333333 0.38007685185185186 0.5292875
2 0.4454027777777778 0.515925 0.47113703703703697 0.5166677083333333 0.46981759259259254 0.5311432291666667 0.4447435185185185 0.5304005208333333
2 0.5179870370370371 0.5193702338180614 0.5443814814814815 0.519741587984728 0.543062037037037 0.5360728379847282 0.5160074074074075 0.5349592963180614
2 0.5826527777777778 0.5200078124999999 0.611687037037037 0.5200078124999999 0.6097074074074075 0.5352260416666667 0.5819935185185185 0.5348546875
2 0.7634537037037038 0.5229776041666666 0.7924870370370372 0.5229776041666666 0.7918277777777777 0.5385666666666666 0.7614740740740742 0.5381953125
2 0.7311203703703704 0.6035213541666666 0.7621342592592594 0.6042635416666666 0.7588351851851853 0.6205947916666666 0.7298009259259258 0.61948125
2 0.6182851851851853 0.5990671875 0.6446796296296298 0.5994380208333333 0.6420398148148149 0.6150276041666667 0.6156462962962963 0.6142848958333332
2 0.9600907407407406 0.7943020833333333 0.9587712962962962 0.8124895833333333 0.999074074074074 0.8150875000000001 0.999074074074074 0.7957869791666667
2 0.7515759259259259 0.43575260416666667 0.7502564814814815 0.45579583333333334 0.7806101851851851 0.4546822916666667 0.7819296296296296 0.4376083333333333
2 0.8162425925925926 0.43835104166666666 0.8122833333333332 0.4546822916666667 0.7832490740740741 0.4546822916666667 0.786549074074074 0.43797968750000005
2 0.8512148148148149 0.4372375 0.8492351851851851 0.4554244791666667 0.8162425925925926 0.4546822916666667 0.8195416666666666 0.43686614583333333
2 0.8894861111111111 0.4364947916666667 0.8888268518518518 0.4546822916666667 0.8571537037037037 0.4546822916666667 0.8604527777777777 0.43686614583333333
1 0.06994444444444445 0.8373578125000001 0.06664537037037037 0.8510911458333333 0.11085555555555554 0.8548026041666666 0.11613425925925926 0.8403270833333335
1 0.16430462962962963 0.8458947916666666 0.20917407407407407 0.8503484374999999 0.20521574074074075 0.8651953124999998 0.1610046296296296 0.8607411458333334
1 0.22699074074074072 0.8525755208333333 0.2250111111111111 0.8666802083333335 0.27252037037037036 0.8722473958333333 0.2731805555555556 0.8562875
1 0.3266287037037037 0.8618546874999999 0.32266944444444445 0.8796708333333334 0.37347870370370373 0.8841249999999999 0.37677777777777777 0.86779375
1 0.9343564814814814 0.9297786458333335 0.9336962962962965 0.9483374999999999 0.999074074074074 0.9546473958333334 0.999074074074074 0.9360885416666666
1 0.6690944444444444 0.9008276041666666 0.6671148148148148 0.9145609374999999 0.7251824074074074 0.9204994791666666 0.7258416666666666 0.9056526041666667
1 0.7456379629629629 0.9078796874999999 0.7449777777777778 0.9238401041666665 0.801725 0.9282942708333334 0.8030453703703704 0.9127052083333334
1 0.8162425925925926 0.9153031249999999 0.8155824074074074 0.9316348958333333 0.8875064814814815 0.9386869791666667 0.8875064814814815 0.9223552083333334
2 0.19135833333333335 0.733059375 0.1867388888888889 0.7479057291666666 0.20785462962962964 0.7505041666666667 0.2131333333333333 0.7345437499999999
2 0.22765000000000002 0.7360286458333333 0.2223712962962963 0.7505041666666667 0.2467861111111111 0.75273125 0.25140555555555555 0.7375130208333335
2 0.2956157407407407 0.7423385416666668 0.2909962962962963 0.756071875 0.3147518518518519 0.7579276041666667 0.31937037037037036 0.7438229166666666
2 0.3266287037037037 0.7430807291666668 0.32266944444444445 0.7590411458333333 0.346425 0.7605255208333334 0.3530231481481481 0.7453078125
2 0.2949555555555556 0.6558557291666667 0.2896768518518518 0.6707026041666667 0.3134314814814815 0.6725583333333333 0.31739074074074075 0.6565984375
2 0.2421675925925926 0.6525156249999999 0.2665824074074074 0.6528864583333331 0.2613027777777778 0.6699604166666667 0.2368888888888889 0.668846875
2 0.1847601851851852 0.6502885416666667 0.20587499999999997 0.6514020833333334 0.20191574074074073 0.6658776041666666 0.18014074074074074 0.664021875
2 0.15242685185185187 0.6469479166666667 0.17486203703703704 0.6484328124999998 0.17222222222222222 0.664021875 0.14978703703703705 0.6617947916666667
2 0.12405277777777778 0.6450921875 0.1458287037037037 0.6465765625000001 0.14054907407407408 0.6629083333333334 0.1181138888888889 0.6610520833333333
2 0.09369999999999999 0.6454630208333333 0.11745462962962963 0.6458343750000001 0.11349537037037036 0.6614234375 0.08974074074074075 0.6603098958333333
2 0.07522407407407408 0.6443494791666667 0.09303981481481483 0.6450921875 0.09040000000000001 0.66068125 0.07258425925925927 0.6591963541666667
2 0.08116203703703703 0.7245223958333333 0.10359722222222223 0.7267494791666667 0.09897870370370371 0.741225 0.07654351851851852 0.7389979166666667
2 0.4869740740740741 0.5912723958333334 0.5140277777777778 0.593128125 0.5113888888888889 0.6109442708333332 0.4843342592592592 0.6087177083333334
2 0.3550027777777778 0.5871895833333334 0.3827166666666667 0.5883031249999999 0.37677777777777777 0.604634375 0.3517037037037037 0.60315
2 0.2936361111111111 0.5849624999999999 0.3187101851851852 0.5849624999999999 0.31805092592592593 0.6012942708333333 0.2929759259259259 0.6001807291666666
2 0.2613027777777778 0.583478125 0.25800370370370374 0.5979536458333333 0.23292962962962963 0.5968401041666667 0.23622870370370372 0.5827354166666667
2 0.17222222222222222 0.5805088541666666 0.19795648148148148 0.5812510416666666 0.19201851851851848 0.5968401041666667 0.1676037037037037 0.5949843749999999
2 0.12537314814814815 0.5779104166666666 0.15044722222222223 0.5786526041666666 0.1458287037037037 0.5946130208333333 0.1207537037037037 0.5934994791666667
2 0.05542777777777777 0.5749411458333333 0.07918240740740741 0.5760546875 0.07588333333333333 0.5909015624999999 0.053448148148148154 0.5897880208333334
