2 0.5406199813258638 0.3091699929971989 0.5408499066293184 0.3244000350140056 0.5840301120448179 0.32616001400560224 0.5839285714285715 0.3104112394957983
1 0.5011416900093371 0.533890406162465 0.5014465452847806 0.549687675070028 0.5783468720821662 0.5494639355742297 0.5762002801120448 0.5343312324929972 0.5229154995331466 0.5338515406162465 0.511703548085901 0.5337687324929973
1 0.37131512605042016 0.5392617296918767 0.3711500933706816 0.5460399159663866 0.3713737161531279 0.5480348389355743 0.4491554621848739 0.5487752100840336 0.44870378151260504 0.5377776610644258 0.4487252567693744 0.5332487745098039 0.37242133520074694 0.5319539565826331
1 0.26744514472455644 0.6283981092436974 0.2666813725490196 0.64477993697479 0.34594000933706825 0.6437914915966387 0.34594000933706825 0.6307799369747898 0.34535760971055085 0.627641281512605 0.29341993464052285 0.6278000700280112
2 0.4703499066293184 0.30672006302521004 0.4701848739495798 0.3184499299719888 0.469984126984127 0.3224476540616246 0.514468954248366 0.32433525910364147 0.5145347805788982 0.31642454481792714 0.5145987394957984 0.30810871848739496
2 0.48692997198879545 0.63025 0.48707679738562093 0.6429975490196078 0.5591895424836602 0.6428275560224092 0.5602198879551821 0.6304299719887956 0.5603475723622783 0.6276300770308123 0.4874192343604108 0.6272475490196079
1 0.4704428104575163 0.43282773109243694 0.47059010270774976 0.44748004201680674 0.47134453781512603 0.44905007002801123 0.5475943043884219 0.4519940476190476 0.5476199813258636 0.4387300420168067 0.5477532679738562 0.43555829831932774 0.4909000933706816 0.4335371148459384
1 0.24886647992530345 0.42597426470588234 0.24780648926237162 0.44308823529411767 0.33151143790849674 0.44536764705882353 0.3317000466853408 0.4288622198879552
1 0.0023288982259570498 0.6265912114845938 0.00042343604108309994 0.6433800770308123 0.08458309990662931 0.6434627100840334 0.08487698412698412 0.6270675770308123
1 0.45891993464052283 0.7167400210084033 0.38384407096171796 0.7184576330532212 0.38398996265172736 0.7202400210084035 0.3840081699346405 0.7352867647058823 0.3916900093370682 0.7351199229691878 0.45367973856209154 0.7336048669467786 0.4593618113912231 0.7336015406162466
2 0.981984360410831 0.6476011904761905 0.9822600373482727 0.6493300070028011 0.9837885154061625 0.6620775560224089 0.9883473389355742 0.6625460434173669 0.9997700746965453 0.6623760504201681 1.0 0.6475364145658262 0.9938237628384686 0.6473776260504203
2 0.3922721755368814 0.3028623949579832 0.43864005602240896 0.3050584733893557 0.43736974789915967 0.32096498599439777 0.3920604575163399 0.31890056022408964
2 0.6247474323062558 0.3119136904761905 0.6247474323062558 0.3276342787114846 0.6694218020541549 0.3289047619047619 0.6698452380952381 0.3127076330532213
2 0.6980046685340803 0.3141367296918767 0.6992752100840337 0.3295399159663866 0.7424673202614379 0.33049264705882353 0.7403499066293184 0.31508963585434174
2 0.7668158263305322 0.3160423669467787 0.7685095704948647 0.3314453781512604 0.8112782446311858 0.3323981092436974 0.8091610644257703 0.31715388655462184
2 0.8409936974789916 0.318265406162465 0.8428991596638656 0.3336685924369748 0.8850326797385621 0.33557405462184875 0.8824920634920634 0.32017104341736696
2 0.9038762838468721 0.32096498599439777 0.9053583099906629 0.33684436274509805 0.9464332399626517 0.3384324229691877 0.9451629318394025 0.32223529411764706
2 0.9839087301587299 0.324140931372549 0.9836970121381887 0.3404966736694678 0.9995765639589167 0.34097303921568634 0.9995765639589167 0.3247760854341737
1 0.7535506535947712 0.4408548669467788 0.7529154995331466 0.45625805322128854 0.8289253034547153 0.458798669467787 0.8282901493930904 0.44260171568627454
2 0.9669708216619981 0.4054438025210084 0.9673942577030812 0.4210056022408964 0.9997882819794585 0.4216407563025209 0.9995765639589167 0.40639653361344535
1 0.7344953314659197 0.5362904411764706 0.7378830532212884 0.5513760504201681 0.811140289449113 0.5539166666666667 0.808811157796452 0.5378785014005603
2 0.938811157796452 0.5767830882352941 0.9415634920634921 0.5915511204481793 0.9794626517273577 0.5918686974789916 0.9754397759103639 0.5763067226890757
2 0.9532084500466853 0.5007205882352941 0.9553258636788048 0.5162823879551821 0.9932247899159665 0.5165999649859944 0.989201914098973 0.5011969537815126
1 0.6263032212885155 0.5348613445378152 0.6286321195144724 0.5496292016806723 0.7027364612511672 0.5512172619047618 0.6989253034547152 0.5358140756302522
1 0.255359010270775 0.5320031512605042 0.25430018674136323 0.5467710084033613 0.33496802054154995 0.547406162464986 0.33581489262371617 0.5304150910364146 0.2591699346405229 0.5307326680672269
1 0.6762705415499534 0.6279150910364145 0.7474105975723623 0.6279150910364145 0.7484691876750699 0.643953256302521 0.6764822595704949 0.643000525210084
2 0.9254724556489263 0.6474467787114846 0.9271661998132587 0.6620558473389354 0.9640065359477125 0.6622146358543418 0.9629479458450048 0.6466528361344538
1 0.6673781512605043 0.7169987745098038 0.7380947712418301 0.7174751400560224 0.7404236694677871 0.733672268907563 0.6690718954248367 0.733672268907563
1 0.7795929038281979 0.7176341036414567 0.7817103174603175 0.7335134803921568 0.8507329598506069 0.7338310574229692 0.8486157796451914 0.7173163515406162
1 0.6796582633053221 0.8030654761904761 0.6817754435107376 0.8200565476190476 0.7514334733893557 0.8186274509803921 0.7486809056956116 0.8014775910364146
2 0.7933552754435107 0.8013188025210084 0.7954724556489262 0.8171981792717087 0.8621661998132586 0.8162454481792719 0.8594138655462185 0.8006836484593838
1 0.9007005135387487 0.8149751400560222 0.9023942577030811 0.8291078431372548 0.9650651260504202 0.8284726890756302 0.9637948179271709 0.813704831932773
2 0.7031598972922503 0.8962780112044818 0.7046419234360412 0.9119985994397759 0.7707005135387487 0.9094579831932772 0.7700653594771242 0.8948489145658265
1 0.9034528478057889 0.8931020658263306 0.9057817460317462 0.9077111344537815 0.9678176937441644 0.9048529411764705 0.9663354341736694 0.8905614495798317
2 0.5481762371615313 0.9008830532212885 0.5488113912231559 0.916921393557423 0.6174108309990662 0.9145393907563026 0.6171991129785248 0.8988188025210084
2 0.3989091970121382 0.9054880952380953 0.39869747899159663 0.9220028011204481 0.4702609710550887 0.9193032212885154 0.47004925303454714 0.9027885154061625
2 0.2653099906629318 0.911045868347339 0.26446311858076565 0.9262902661064426 0.3377203548085902 0.9232731092436974 0.33835550887021476 0.9070759803921569
1 0.006986928104575163 0.8130696778711485 0.006140056022408963 0.8297429971988796 0.0842670401493931 0.8289490546218488 0.08532563025210084 0.8124343487394958
2 0.39105835667600375 0.8083058473389354 0.4632570028011205 0.8071941526610644 0.4643155929038281 0.8238676470588235 0.3912700746965453 0.8254555322128853
2 0.25280112044817926 0.810687675070028 0.3277521008403361 0.8094173669467787 0.3269052287581699 0.8265672268907562 0.2517425303454715 0.8275199579831933
1 0.5331265172735762 0.7162048319327731 0.5339733893557422 0.733672268907563 0.6065954715219422 0.7322431722689076 0.6051134453781513 0.7160460434173669
1 0.2530128384687208 0.7198571428571428 0.2506839402427638 0.736530637254902 0.3285989729225023 0.7357366946778712 0.3294460784313726 0.7181104691876751
2 0.0 0.39802976190476186 0.02096545284780579 0.3989884453781512 0.01840873015873016 0.415671393557423 0.00025560224089635854 0.41509611344537817
1 0.3479764239028945 0.429094537815126 0.3469537815126051 0.4452022058823529 0.4272364612511671 0.4482703081232493 0.4280035014005602 0.43158735994397757
1 0.5908697478991597 0.43657300420168066 0.5906141456582633 0.4528725490196079 0.66706162464986 0.45440651260504206 0.66706162464986 0.43868242296918764
2 0.24877380952380954 0.294672268907563 0.24851820728291318 0.31231390056022407 0.2963298319327731 0.3144233193277311 0.29658543417366945 0.29774037114845936
2 0.3047670401493931 0.29754866946778713 0.3032329598506069 0.31480689775910364 0.35053338001867407 0.3169161414565826 0.3510445845004668 0.2998497899159664
2 0.9094901960784313 0.7363329831932773 0.9115357142857142 0.7505231092436976 0.9759663865546219 0.7495642507002802 0.9728982259570494 0.7351824229691877
2 0.9744323062558357 0.7347988445378152 0.9775004668534081 0.7499478291316527 1.0 0.7497559523809524 0.9994885620915032 0.734031862745098
