2 0.9358099906629319 0.3144299719887955 0.8895901027077496 0.3161799719887955 0.8890961718020541 0.319312149859944 0.8890394491129786 0.32932703081232495 0.8900170401493931 0.3336799719887955 0.9146162464985994 0.33240581232493 0.9376799719887956 0.3318314075630252
2 0.7005100373482727 0.4968499649859945 0.6853401027077497 0.4940500700280112 0.6575599906629318 0.49772006302521005 0.6561598972922502 0.5085800070028011 0.6575599906629318 0.5136600140056022 0.7009799253034548 0.5127799369747899 0.7023800186741362 0.5090999649859944
2 0.37488001867413634 0.5084000350140057 0.3727801120448179 0.5061300770308123 0.3655499533146592 0.5054299719887956 0.33427007469654524 0.5068300070028011 0.3330999066293184 0.5222300420168068 0.3370700280112045 0.5236300770308123 0.3746500933706816 0.5222300420168068 0.37675000000000003 0.521359943977591
2 0.0464500466853408 0.5947100840336135 0.03749953314659197 0.5954107142857142 0.0030277777777777777 0.5960744047619048 0.002477124183006536 0.6123371848739496 0.03710994397759104 0.6113399859943978 0.04598996265172736 0.5994399509803922
2 0.14635994397759103 0.5175099789915966 0.15033006535947713 0.521359943977591 0.15405999066293186 0.5220600490196079 0.16222992530345473 0.5285399159663865 0.16549999999999998 0.5294100140056022 0.18860994397759104 0.5283599439775911 0.19117997198879555 0.525390056022409 0.18953991596638656 0.5145299369747899 0.18557002801120448 0.5111999299719888 0.15803011204481793 0.5113800770308123 0.15405999066293186 0.5150600490196079
2 0.4801598972922503 0.5055999649859945 0.4796900093370682 0.5175099789915966 0.4822600373482726 0.5190800070028011 0.5212399626517275 0.5176799719887955 0.5249799253034547 0.5152300420168068 0.5249799253034547 0.5054299719887956 0.5214799253034547 0.5010500700280112 0.48949999999999994 0.5014000350140055 0.48248996265172733 0.5031500350140056
2 0.6428599439775912 0.09174002100840337 0.638890056022409 0.08946008403361344 0.6178800186741363 0.09139005602240896 0.6150800653594771 0.09366001400560224 0.6150800653594771 0.09699002100840336 0.6185800653594771 0.09960994397759103 0.6232500000000001 0.09943995098039216 0.6269799253034547 0.09733998599439776 0.6351500933706816 0.09785994397759104 0.6428599439775912 0.09558998599439777
2 0.05284687208216619 0.3581843487394958 0.06743487394957984 0.3581843487394958 0.06908636788048553 0.3761440826330532 0.05477357609710551 0.37593767507002807
2 0.022845238095238096 0.32928378851540613 0.05009430438842204 0.32763235294117643 0.03550653594771242 0.3321738445378151 0.036332166199813255 0.3346509103641457 0.03935994397759104 0.3346509103641457 0.0423874883286648 0.3443532913165266 0.020918534080298784 0.3443532913165266
0 0.1180795985060691 0.32556792717086835 0.20065289449112977 0.3218520658263305 0.20037768440709616 0.33919257703081235 0.11863025210084033 0.3422890406162465
0 0.4648872549019608 0.31359488795518203 0.4657128851540616 0.3296966036414566 0.5477357609710551 0.3270129551820728 0.546359477124183 0.30987902661064426
0 0.5411297852474323 0.39720028011204483 0.6223267973856209 0.3932780112044818 0.6250793650793651 0.411031162464986 0.5427812791783381 0.4141278011204481
0 0.3853417366946779 0.4021545868347339 0.46378618113912234 0.3998839285714286 0.4646120448179272 0.41639845938375347 0.38451587301587303 0.41825630252100837
2 0.033855042016806725 0.4137148109243698 0.05064495798319327 0.4137148109243698 0.05229645191409897 0.42940371148459383 0.03495588235294118 0.42961011904761903
0 0.12908940242763772 0.4083475140056023 0.20918557422969186 0.4069024859943977 0.20643300653594776 0.42135294117647054 0.12578664799253034 0.42279796918767504
0 0.9066923436041082 0.46759383753501405 0.9110961718020542 0.48514075630252096 0.9953209617180205 0.4828699229691876 0.9911921101774043 0.46470378151260505
1 0.8890765639589169 0.6329467787114845 0.9336661998132585 0.6308823529411764 0.9364185340802988 0.6482228641456582 0.8915539215686274 0.6496678921568627
2 0.6102544351073763 0.6003303571428571 0.6892495331465921 0.5986789215686275 0.6914514472455648 0.6151934523809524 0.611905929038282 0.6162256652661064
2 0.4426307189542484 0.6038396358543417 0.5205247432306256 0.6009495798319328 0.5210753968253968 0.617670693277311 0.4431811391223156 0.6203543417366947
0 0.15606349206349207 0.6139548319327731 0.2323060224089636 0.610858368347339 0.2312049486461251 0.6271666666666667 0.15441199813258635 0.6300567226890756
1 0.34460550887021474 0.6069362745098039 0.42029761904761914 0.6048718487394957 0.42057282913165267 0.6209735644257703 0.34377987861811393 0.6232443977591037
0 0.7002591036414566 0.7149007352941177 0.7013601774042951 0.7310024509803923 0.7806304855275443 0.7299702380952381 0.7789789915966387 0.712217086834734
2 0.17509360410831 0.725015931372549 0.2491342203548086 0.7233644957983194 0.25023506069094303 0.7394662114845939 0.1753688141923436 0.7413240546218488
1 0.3531764705882353 0.7213000700280112 0.35455275443510736 0.7378147759103642 0.42914379084967325 0.7353375350140056 0.4280427170868347 0.7194422268907562
0 0.6322738095238095 0.8251358543417368 0.7087917833800187 0.8236908263305321 0.7096174136321196 0.8412377450980393 0.6339253034547152 0.8424763655462185
1 0.19436064425770308 0.8325675770308123 0.18940616246498598 0.8447470238095236 0.26399743230625583 0.844953431372549 0.26730018674136324 0.8309161414565827
1 0.4043718487394958 0.8280259103641456 0.4668522408963585 0.8267874649859944 0.46657703081232493 0.8280259103641456 0.4789628851540616 0.8280259103641456 0.4784124649859943 0.8441278011204483 0.4024451447245565 0.8441278011204483
2 0.022294817927170866 0.8362986694677871 0.06137931839402429 0.8356792717086834 0.059452614379084966 0.8524003851540616 0.019817460317460317 0.8530196078431374
2 0.09248202614379085 0.8348536414565827 0.1318419701213819 0.8344406512605042 0.1301904761904762 0.8515745798319329 0.09000490196078431 0.8521939775910364
2 0.09110574229691877 0.964906337535014 0.08862861811391223 0.9808016456582633 0.12964005602240897 0.9810082282913166 0.13129131652661064 0.9636677170868347
2 0.003302987861811391 0.9644935224089636 0.04321335200746965 0.9636677170868347 0.04128664799253034 0.981421043417367 0.00027521008403361347 0.9816274509803921 0.00027521008403361347 0.9781181722689076
1 0.18661554621848742 0.9671771708683472 0.18606489262371614 0.9812146358543417 0.2603809523809524 0.981421043417367 0.260656162464986 0.9640807072829131 0.2573531746031746 0.9657321428571428 0.25239892623716154 0.9653193277310925
1 0.3908466386554622 0.9632549019607843 0.390295985060691 0.9808016456582633 0.4679150326797385 0.9810082282913166 0.4668139589169001 0.9628420868347338
1 0.6352633053221288 0.9624292717086834 0.7134325396825396 0.9609840686274509 0.715359243697479 0.9793566176470588 0.6369147992530346 0.979563200280112
1 0.8962329598506069 0.9566489845938375 0.8981596638655462 0.9717186624649861 0.9766043417366947 0.9715122549019608 0.9760536881419235 0.9539655112044818
0 0.88384710550887 0.7863417366946779 0.886049019607843 0.8034756652661065 0.9644934640522876 0.8022372198879552 0.9600896358543419 0.7848967086834733
2 0.02375 0.6722373949579832 0.0542859477124183 0.673000700280112 0.06208963585434174 0.6709649859943978 0.06514309056956115 0.6717284663865546 0.0658216619981326 0.6872508753501401 0.024428804855275446 0.6880141806722689
2 0.01051797385620915 0.7470502450980392 0.05055392156862745 0.7457778361344538 0.049535947712418295 0.7625726540616246 0.0095 0.7630815826330531
2 0.08414332399626517 0.7447599789915968 0.12383986928104575 0.7442510504201681 0.12383986928104575 0.7600280112044817 0.08346475256769374 0.7615547969187676
2 0.03630368814192344 0.5190491946778711 0.03460737628384687 0.5327902661064425 0.05632166199813258 0.5325357142857143 0.05598249299719888 0.528718837535014 0.04817880485527544 0.5284642857142857 0.041393090569561156 0.5249017857142857
2 0.09025046685340803 0.6702127100840336 0.09296475256769375 0.6702127100840336 0.09500046685340804 0.6793734243697479 0.09025046685340803 0.6836994047619048 0.08689075630252101 0.680249299719888
