1 0.4689500466853408 0.7470199579831933 0.46769351073762844 0.7429016106442576 0.39635994397759106 0.7447499999999999 0.3954355742296919 0.7533760504201681 0.39505648926237164 0.7608499649859943 0.4686391223155929 0.7601500350140056
1 0.36228011204481786 0.458859943977591 0.3650800653594771 0.46148004201680676 0.41642997198879556 0.46131004901960787 0.43978011204481793 0.458859943977591 0.4393099906629318 0.44958000700280115 0.43580999066293186 0.44608000700280115 0.36484990662931843 0.4451999299719888
1 0.6827700746965452 0.7435199579831933 0.6813856209150327 0.7403464635854342 0.6626218487394958 0.7404751400560223 0.61275 0.7410700280112045 0.610640056022409 0.7435199579831933 0.6118099906629318 0.7559499299719887 0.6124631185807656 0.7578800770308124 0.6837570028011206 0.757081582633053
2 1.0 0.4643951330532213 0.9602390289449112 0.46421516106442584 0.9474799253034547 0.4647216386554621 0.9500399159663866 0.47820168067226887 0.9508053221288515 0.4801216736694678 1.0 0.4804716386554622
1 0.33427007469654524 0.44730007002801114 0.2630700280112045 0.44538007703081234 0.25840009337068165 0.44730007002801114 0.25746988795518205 0.458859943977591 0.27403991596638655 0.46077993697478997 0.33192997198879554 0.46042997198879554 0.33496988795518207 0.4585099789915967
1 0.35014005602240894 0.8454100140056022 0.3499542483660131 0.8378082983193277 0.30664075630252097 0.8388349089635855 0.2783835200746966 0.839844712885154 0.2757822128851541 0.8505134803921568 0.3494400093370682 0.849439950980392
1 0.9815599906629318 0.7470199579831933 0.9788779178338003 0.7358849789915967 0.9734864612511671 0.7355751050420167 0.9286977124183007 0.736281862745098 0.9121986461251167 0.7366764705882354 0.9116421568627451 0.7526367296918767 0.9819491129785247 0.7521234243697479
2 0.0 0.5250399159663866 0.0 0.5417750350140056 0.0061379551820728295 0.5419450280112045 0.01560877684407096 0.541343487394958 0.018440009337068162 0.5379900210084033 0.019609943977591037 0.5297599789915967 0.018440009337068162 0.5257400210084033 0.017270074696545283 0.5250399159663866
2 0.04079108309990663 0.34119590336134453 0.08587605042016806 0.3406591386554622 0.08551844070961717 0.3575660014005602 0.04007563025210084 0.35729761904761903
2 0.10949206349206349 0.34119590336134453 0.15421918767507 0.34119590336134453 0.15350350140056024 0.3581027661064426 0.1091342203548086 0.35783438375350146
2 0.050809990662931834 0.42358333333333337 0.09482166199813259 0.42358333333333337 0.09231676003734827 0.4394166666666666 0.047589635854341734 0.43968504901960787
2 0.13811741363211952 0.4241200980392157 0.18248692810457517 0.42465668767507003 0.18177124183006532 0.4404901960784314 0.13668627450980392 0.4402218137254902
2 0.2375905695611578 0.3422692577030812 0.236875116713352 0.3583711484593838 0.31523692810457515 0.35944450280112045 0.31595261437908495 0.34414793417366946
2 0.3943146591970121 0.3454896708683473 0.31523692810457515 0.3446845238095238 0.3145214752567694 0.3591761204481793 0.39467250233426704 0.36132317927170876
2 0.5696451914098973 0.34656320028011206 0.6455023342670401 0.3470997899159664 0.6472915499533145 0.36212815126050424 0.5710763305322129 0.3618597689075631
1 0.4848424369747899 0.4463940826330532 0.48555812324929964 0.46195920868347334 0.5606995798319327 0.46195920868347334 0.5589105975723623 0.4455891106442577
2 0.6616041083099905 0.4463940826330532 0.6626776377217554 0.4616908263305322 0.7381771708683473 0.46195920868347334 0.7360301120448178 0.4455891106442577
2 0.9434647525676937 0.3476365546218487 0.9831825396825397 0.3481733193277311 0.9867607376283849 0.36320168067226893 0.9459696545284779 0.36320168067226893
2 0.9910546218487394 0.34924667366946777 1.0 0.3487100840336134 1.0 0.36293329831932764 0.9939171335200746 0.36293329831932764
2 0.9960639589169 0.5596433823529412 0.9992843137254901 0.5744033613445378 0.9577775443510737 0.5749399509803921 0.957061858076564 0.5719880952380952 0.9617135854341737 0.5668891806722689 0.9609978991596638 0.5604483543417367
2 0.9130504201680671 0.38252380952380954 0.9277208216619982 0.38118189775910366 0.9248583099906628 0.39728378851540613 0.9105457516339868 0.3975521708683474
2 0.06619631185807656 0.5255612745098039 0.10984990662931839 0.5247561274509804 0.1080609243697479 0.5411262254901961 0.06333356676003736 0.5416629901960784
2 0.15815522875816995 0.5244877450980392 0.2007355275443511 0.5239509803921568 0.20037768440709616 0.539516106442577 0.15529271708683473 0.5397844887955182
1 0.26192226890756304 0.5612535014005603 0.3363482726423903 0.5599117647058823 0.3359904295051354 0.5762818627450981 0.26120658263305324 0.5776235994397759
1 0.37248786181139126 0.5612535014005603 0.3714143323996265 0.5760134803921568 0.4469138655462185 0.5754767156862746 0.44548249299719883 0.5599117647058823
1 0.2536923436041083 0.655985644257703 0.25154551820728294 0.6710140056022409 0.32668720821662 0.6694037114845939 0.3277607376283847 0.654375525210084
2 0.02719421101774043 0.6219035364145659 0.02504715219421102 0.6377368697478992 0.06762745098039216 0.6369318977591036 0.07084780578898225 0.6216351540616247
1 0.4826956115779645 0.6516918767507004 0.5539012605042016 0.6506183473389355 0.5556902427637722 0.6669884453781514 0.4834110644257703 0.6675252100840336
1 0.585031279178338 0.6508867296918767 0.656952614379085 0.6500815826330534 0.6583837535014005 0.6675252100840336 0.5853891223155928 0.6675252100840336
1 0.6991750700280113 0.6503499649859944 0.7707383286647992 0.6503499649859944 0.7721697012138189 0.6664518557422968 0.699890522875817 0.6667202380952381
1 0.9971374883286647 0.6500815826330534 1.0 0.6661834733893557 0.9527682072829132 0.6664518557422968 0.9509789915966387 0.6503499649859944
1 0.25395098039215686 0.7466924019607843 0.32623015873015876 0.7450821078431372 0.32623015873015876 0.7617205882352942 0.25287745098039216 0.7630625000000001
1 0.5212404295051354 0.829079831932773 0.5223139589169 0.84571831232493 0.5924460784313726 0.8441080182072828 0.5913725490196079 0.8274695378151261
1 0.68440522875817 0.8258594187675069 0.6847630718954248 0.8419611344537814 0.7534638188608777 0.8408877801120448 0.7527483660130718 0.8242492997198879
2 0.9033893557422968 0.8223706232492998 0.9066097105508871 0.839277485994398 0.9738793183940243 0.838204131652661 0.968154295051354 0.8207605042016808
2 0.9073253968253968 0.9194910714285714 0.9087565359477123 0.9329093137254902 0.9753106909430439 0.9307624299719889 0.9728057889822596 0.915734068627451
1 0.5555910364145659 0.9302256652661065 0.5563064892623716 0.946327380952381 0.6246496265172735 0.9441804971988794 0.6239339402427637 0.9267368697478992
1 0.26504318394024273 0.9380082282913166 0.27327310924369747 0.9414968487394958 0.27363095238095236 0.9527680322128852 0.2764934640522876 0.9546467086834735 0.33159733893557425 0.9533047969187675 0.33231302521008405 0.9355929621848741
2 0.07406816059757236 0.8226120448179272 0.07227917833800186 0.8392505252100839 0.03077217553688142 0.8397872899159663 0.03184570494864612 0.831736344537815
2 0.08981209150326798 0.8223436624649861 0.1313188608776844 0.8210019257703081 0.1298877217553688 0.8381771708683473 0.0883809523809524 0.8387139355742298
2 0.17246802054154994 0.8201967787114846 0.17103664799253035 0.8365668767507003 0.21182773109243697 0.836030287114846 0.2132591036414566 0.8193918067226891
1 0.00035784313725490194 0.9436437324929972 0.04794747899159664 0.9425703781512605 0.04651633986928105 0.9592088585434175 0.0007156862745098039 0.9608189775910365
1 0.07975046685340803 0.7143517156862745 0.07758916900093371 0.7307233893557422 0.1530172735760971 0.7297507002801121 0.15539472455648926 0.7120824579831933
2 0.00021615312791783378 0.7148380602240897 0.05273482726423903 0.7143517156862745 0.050789682539682544 0.7310474439775912 0.00021615312791783378 0.7323441876750699
