2 0.9589565826330532 0.2690978641456583 0.911936274509804 0.26948354341736697 0.9129948646125117 0.28535994397759107 0.916218253968254 0.28596603641456586 0.9601902427637722 0.2851687675070028
2 0.9460800653594771 0.36064005602240895 0.9437399626517273 0.358890056022409 0.9002488328664799 0.36022514005602246 0.9006430905695612 0.3632780112044818 0.9019600840336133 0.3756999299719888 0.9023489729225024 0.3774175420168068 0.9477089169000934 0.3766852240896359 0.9477100840336133 0.3737699579831933
2 0.9999817927170868 0.7901839985994399 0.9803716153127918 0.7906603641456583 0.9645210084033613 0.7916488095238096 0.9645200746965452 0.7946400560224091 0.9656435574229691 0.8055971638655463 0.9656736694677871 0.8073259803921569 0.9999817927170868 0.8059473039215687
2 0.4567563025210084 0.8086824229691878 0.45658006535947715 0.8104000350140056 0.4565434173669468 0.8158671218487396 0.4567917833800187 0.821533788515406 0.45680275443510737 0.8267011554621849 0.4782899159663866 0.8261600140056022 0.4775901027077498 0.8104000350140056 0.47749579831932776 0.8081524859943978 0.47011998132586363 0.8081199229691876
2 0.8571400560224088 0.2711799719887955 0.8561687675070029 0.2693863795518207 0.8109199346405229 0.2701300770308123 0.8095200746965453 0.27152993697478994 0.8116199813258637 0.28483998599439775 0.8122845471521942 0.28678116246498603 0.8583737161531279 0.28604884453781515 0.8588447712418301 0.28343995098039215
2 1.0 0.7001423319327731 0.9728195611577966 0.7018923319327732 0.974485294117647 0.7101123949579832 0.9754899626517273 0.716422443977591 0.9763562091503268 0.7185336134453781 1.0 0.7178224789915967
2 0.7924799253034547 0.27135994397759106 0.7908499066293184 0.26996008403361343 0.7448062558356676 0.2704184173669468 0.7467299253034547 0.28710994397759104 0.7944675536881419 0.2864747899159664 0.7938800186741362 0.28325997899159666
2 0.21704341736694677 0.27346323529411765 0.21651960784313726 0.29183998599439775 0.2637700746965453 0.2923699229691877 0.26634010270774977 0.29097006302521006 0.2659521475256769 0.2740983893557423
2 0.02074906629318394 0.30167717086834733 0.023501633986928103 0.3215266106442577 0.048697012138188604 0.32263813025210086 0.04382726423902895 0.3029476540616246
2 0.09739402427637721 0.2756349789915966 0.09612371615312791 0.2923082983193277 0.14630275443510737 0.2924670868347339 0.14630275443510737 0.2746822478991596
2 0.15117250233426704 0.2753174019607843 0.1509607843137255 0.2923082983193277 0.2013515406162465 0.29199072128851544 0.20156325863678803 0.27357055322128854
2 0.28794771241830064 0.27436449579831934 0.2881594304388422 0.29183193277310926 0.337703314659197 0.29135556722689077 0.33622128851540617 0.27341176470588235
2 0.35887581699346405 0.2751586134453781 0.3595112044817927 0.29151435574229695 0.40799649859943976 0.29183193277310926 0.4073611111111111 0.27372934173669466
2 0.4240875350140056 0.2748410364145658 0.4242992530345472 0.29135556722689077 0.4723611111111111 0.2908792016806723 0.4715142390289449 0.27357055322128854
2 0.4945924369747899 0.27372934173669466 0.4952275910364145 0.2908792016806723 0.5437128851540617 0.2904028361344538 0.5426542950513539 0.2727766106442577
2 0.5551461251167134 0.2727766106442577 0.5559929971988795 0.2902440476190476 0.6186638655462185 0.28976768207282916 0.6173935574229692 0.2719826680672269
2 0.6224750233426704 0.2719826680672269 0.6237453314659197 0.289608893557423 0.6713837535014006 0.2889737394957983 0.6696900093370682 0.2713475140056022
2 0.673077497665733 0.27102993697478994 0.6741363211951448 0.2884973739495798 0.7374423436041083 0.28738567927170866 0.7359603174603174 0.2702359943977591
1 0.8776223155929038 0.4881022408963586 0.8805863678804855 0.5052519257703081 0.9597719421101771 0.5035052521008403 0.9565961718020541 0.4861966036414566
1 0.8725408496732027 0.5892543767507002 0.8746580298786181 0.6060866596638655 0.9517264239028945 0.6044985994397759 0.949609243697479 0.5878252801120448
2 0.9870847338935574 0.5871901260504202 0.9889901960784313 0.6037046568627451 0.9997882819794585 0.6032282913165266 0.9997882819794585 0.587031162464986
1 0.8774105975723623 0.7039040616246498 0.8801629318394023 0.720577556022409 0.956172735760971 0.7189896708683473 0.9525732959850608 0.702157387955182
2 0.8712705415499533 0.7939406512605042 0.8727525676937441 0.8102965686274508 0.9134040616246498 0.8091850490196077 0.911921802054155 0.7936230742296919
1 0.8769871615312792 0.9251050420168067 0.8788926237161531 0.9424136904761905 0.9197558356676003 0.9405082282913164 0.9174267040149392 0.9235171568627452
1 0.7954724556489262 0.925422619047619 0.7969544817927169 0.9411433823529411 0.8388762838468721 0.9390789565826332 0.838029411764706 0.9235171568627452
1 0.7440231092436975 0.9281221988795518 0.7452934173669468 0.9435252100840337 0.7876386554621849 0.9424136904761905 0.7863683473389355 0.9263753501400561
1 0.4876225490196078 0.9378086484593837 0.488469421101774 0.9547997198879553 0.5583391690009337 0.9519413515406163 0.5577040149393091 0.9346327030812326
1 0.563844070961718 0.9346327030812326 0.5653260971055089 0.9513061974789916 0.6265149393090569 0.9486066176470588 0.6250329131652661 0.9320920868347339
1 0.6339253034547152 0.9319332983193278 0.6345604575163398 0.9484478291316526 0.6766939775910363 0.9470187324929973 0.6760588235294116 0.9305040266106442
1 0.6889740896358544 0.9300276610644258 0.6906680672268908 0.9462247899159665 0.7330133053221288 0.9435252100840337 0.7313193277310925 0.9281221988795518
1 0.4044140989729225 0.9412459733893557 0.40462581699346406 0.9577606792717087 0.4480298786181139 0.9563314075630251 0.4480298786181139 0.9396580882352942
1 0.31591269841269837 0.9455334383753501 0.31548926237161534 0.9607776610644259 0.35973996265172736 0.9591897759103641 0.3601633986928105 0.9436279761904761
1 0.2549183006535948 0.9458510154061625 0.2549183006535948 0.9634772408963584 0.2989575163398693 0.9617305672268909 0.2985338468720822 0.9442631302521007
1 0.161547152194211 0.9501384803921569 0.16112371615312793 0.9674471288515406 0.20558613445378154 0.9653827030812324 0.20558613445378154 0.9472801120448179
1 0.08299673202614379 0.9558550420168068 0.08236157796451912 0.9723697478991598 0.12491853408029878 0.9710994397759104 0.12597712418300655 0.9534732142857142
1 0.04361554621848739 0.9571255252100841 0.042980392156862744 0.973640056022409 0.00021171802054154997 0.9752281162464985 0.00021171802054154997 0.9587134103641458
1 0.0821498599439776 0.9560138305322128 0.08151470588235295 0.9723697478991598 0.04255695611577964 0.9739576330532213 0.04319211017740429 0.958078256302521
2 0.7982250233426704 0.7975367647058823 0.8022476657329599 0.8145278361344537 0.8232086834733895 0.813892682072829 0.819609243697479 0.7964252450980392
2 0.7448699813258637 0.7992836134453782 0.7495280112044818 0.8165920868347338 0.7704887955182074 0.8162745098039217 0.7654073295985061 0.798013130252101
2 0.693843837535014 0.80087149859944 0.6961729691876751 0.8180213585434173 0.716922035480859 0.8175449929971988 0.714169701213819 0.7997599789915967
2 0.6135996732026144 0.803888655462185 0.6335018674136321 0.8027769607843137 0.6366778711484593 0.8202443977591036 0.616140289449113 0.8215148809523811
2 0.5820525210084033 0.8046825980392156 0.6028015873015873 0.8037298669467786 0.6044953314659197 0.8219912464985994 0.5833228291316527 0.8221500350140056
2 0.5515639589169001 0.8054765406162464 0.5729481792717087 0.8046825980392156 0.5746421568627451 0.8227851890756303 0.5534694211017741 0.8235791316526612
2 0.5278506069094304 0.8069056372549019 0.5485996732026144 0.806111694677871 0.5500816993464053 0.8235791316526612 0.5286974789915967 0.8242142857142858
2 0.4948211951447245 0.807858543417367 0.5151470588235294 0.8072232142857143 0.5164173669467786 0.8245318627450979 0.4954563492063492 0.8254845938375349
2 0.16008216619981325 0.8178625700280112 0.1586001400560224 0.8354887955182073 0.179984360410831 0.8339007352941177 0.18104295051353878 0.8173862044817927
2 0.25229341736694677 0.8155414915966387 0.2311356209150327 0.8164975490196078 0.22852007469654528 0.8342100840336134 0.24588305322128853 0.8335859593837536 0.25095821661998136 0.8334564075630253
2 0.2026391223155929 0.816751050420168 0.22465873015873014 0.8162745098039217 0.22254131652661063 0.8343771008403362 0.20031022408963586 0.8343771008403362
2 0.2642514005602241 0.8150042016806723 0.2627693744164332 0.833106792717087 0.2847889822595705 0.8321540616246499 0.2856358543417367 0.8143690476190477
2 0.30003314659197017 0.8140514705882353 0.32162931839402426 0.8134163165266108 0.32078221288515407 0.8308837535014005 0.29876283846872087 0.8319952731092437
2 0.3294631185807656 0.8130987394957984 0.3504239028944911 0.8124635854341737 0.3504239028944911 0.8296132703081233 0.3286162464985994 0.8307249649859944
2 0.3627040149393091 0.8119870448179272 0.38366503267973856 0.8113518907563025 0.38324159663865554 0.8289781162464984 0.3614337068160598 0.8297720588235294
2 0.39086367880485523 0.8111931022408964 0.41245985060690943 0.8103991596638656 0.41267156862745097 0.8283429621848739 0.39086367880485523 0.8291369047619047
2 0.4219873949579832 0.8102403711484594 0.44294841269841273 0.8097640056022409 0.44316013071895427 0.8273902310924369 0.42156395891690013 0.8275490196078431
2 0.016726423902894492 0.8273902310924369 0.03874579831932773 0.8267550770308122 0.03789892623716153 0.84390493697479 0.01609126984126984 0.844063725490196
2 0.05017903828197946 0.8264374999999999 0.07177521008403362 0.8254845938375349 0.07114005602240897 0.8429520308123251 0.04933216619981326 0.8435871848739496
2 0.09993487394957982 0.8245318627450979 0.12131909430438842 0.8237379201680671 0.12131909430438842 0.8412053571428573 0.09908776844070961 0.8418405112044818
2 0.1501139122315593 0.7263968837535014 0.1717098506069094 0.7254439775910364 0.1710746965452848 0.7429114145658263 0.14969047619047618 0.7440229341736695
2 0.1727686741363212 0.7254439775910364 0.19394117647058823 0.7243324579831932 0.1933060224089636 0.7429114145658263 0.17149813258636787 0.7432289915966386
2 0.199234360410831 0.7244912464985994 0.22083053221288515 0.7243324579831932 0.21977170868347337 0.7422762605042016 0.19775233426704017 0.7427526260504201
2 0.22887605042016804 0.7238560924369747 0.2506839402427638 0.723062149859944 0.24983683473389356 0.7411647408963585 0.22802917833800185 0.7421174719887956
2 0.25767086834733893 0.7227445728291316 0.2790550887021475 0.7214740896358545 0.2786316526610644 0.7402120098039217 0.2568239962651727 0.7408471638655463
2 0.31356652661064427 0.721156512605042 0.3349507469654529 0.7203625700280114 0.3347390289449113 0.7383063725490195 0.3131430905695612 0.7391003151260505
2 0.3612049486461251 0.7197274159663865 0.3616283846872082 0.7373536414565827 0.38343627450980394 0.7364009103641458 0.3825891690009337 0.7189334733893556
2 0.44674229691876755 0.7167102591036415 0.46855018674136323 0.7163926820728291 0.4689736227824463 0.7330661764705882 0.4473774509803922 0.733860119047619
2 0.4992504668534081 0.7141696428571429 0.5204229691876752 0.7140108543417366 0.5210581232492998 0.7316370798319327 0.49988562091503275 0.7325898109243697
2 0.5621330532212885 0.7132169117647059 0.5828823529411765 0.7121052170868347 0.5845760971055088 0.7297314425770307 0.5634033613445378 0.7305253851540617
2 0.6398366013071896 0.7111524859943976 0.6607973856209151 0.7108349089635854 0.6631265172735761 0.7281435574229692 0.6413186274509804 0.7289375
2 0.6925564892623716 0.7098821778711485 0.7139407096171801 0.7086118697478991 0.7158464052287582 0.72687324929972 0.6944619514472455 0.727032037815126
2 0.7194456115779644 0.7082942927170869 0.7404066293183941 0.7078177521008403 0.7423120915032679 0.7262380952380952 0.7207159197012138 0.7262380952380952
2 0.7482404295051353 0.7078177521008403 0.7509927637721756 0.725920343137255 0.7719537815126052 0.7252851890756302 0.7700483193277311 0.7073413865546219
2 0.7789407096171801 0.7070238095238095 0.7816930438842203 0.7243324579831932 0.8024423436041083 0.724014880952381 0.8001134453781513 0.7070238095238095
2 0.7236972455648926 0.6328667717086834 0.7256029411764706 0.6500166316526611 0.7478340336134454 0.6498578431372549 0.7452934173669468 0.6328667717086834
2 0.6371013071895425 0.6349310224089636 0.6584855275443511 0.6341370798319328 0.6608146591970122 0.6514457282913164 0.6381598972922502 0.6517633053221288
2 0.5862868814192344 0.6355663515406162 0.607671335200747 0.6347722338935574 0.6091533613445378 0.6523984593837535 0.5877691409897292 0.652874824929972
2 0.534202380952381 0.6368366596638655 0.555798319327731 0.6365190826330532 0.5570688608776845 0.6536689425770308 0.534625816993464 0.653827731092437
2 0.4230459850606909 0.6398536414565826 0.4228342670401494 0.6565271358543417 0.4450655929038282 0.6565271358543417 0.4450655929038282 0.639218487394958
2 0.36820891690009333 0.6412829131652661 0.36799719887955185 0.6590679271708683 0.3900168067226891 0.6582739845938376 0.39044024276377215 0.6406477591036415
2 0.31358356676003735 0.6433471638655461 0.31337184873949575 0.6603382352941176 0.33581489262371617 0.6598618697478992 0.33623832866479925 0.6428707983193277
2 0.005081465919701214 0.6514457282913164 0.003387721755368814 0.6687543767507003 0.016514705882352942 0.6682780112044818 0.02011391223155929 0.6506517857142857
2 0.13952754435107376 0.6485873599439776 0.157312558356676 0.6476346288515407 0.1564656862745098 0.6654196428571428 0.12999999999999998 0.6662135854341735 0.14460901027077497 0.6557331932773108
2 0.20537441643323995 0.6468406862745097 0.22781746031746036 0.6458879551820728 0.22654715219421098 0.6639905462184873 0.2038923902894491 0.6643081232492996
2 0.2517425303454715 0.6452528011204482 0.27439705882352944 0.6446176470588234 0.27355018674136317 0.6620849089635855 0.2504719887955182 0.6628790266106442
2 0.8312542016806722 0.36069275210084034 0.8331596638655462 0.37879534313725494 0.8564495798319328 0.37784261204481795 0.8539089635854341 0.3598988095238095
2 0.8037296918767507 0.36196306022408964 0.8052119514472456 0.3794304971988795 0.8280784313725491 0.37879534313725494 0.8268078898225957 0.361327906162465
2 0.7715473856209151 0.363233368347339 0.7730294117647059 0.38070080532212885 0.7969544817927169 0.378954131652661 0.7937787114845938 0.36148669467787115
2 0.7442348272642392 0.3629157913165265 0.7442348272642392 0.3805420168067226 0.7679481792717087 0.38070080532212885 0.7666776377217553 0.3630745798319328
2 0.71078197945845 0.36402748599439777 0.7116288515406163 0.3819712885154062 0.7349187675070028 0.38133595938375353 0.7332250233426705 0.3637097338935575
2 0.6826223155929037 0.36498021708683465 0.6841045751633987 0.3826064425770308 0.7073944911297851 0.3819712885154062 0.7061239495798319 0.3645038515406162
2 0.622280345471522 0.36672689075630255 0.6233391690009338 0.38403553921568623 0.6470525210084034 0.383717962184874 0.6462054154995331 0.3657741596638655
2 0.5953912231559291 0.3675208333333334 0.5960263772175537 0.3849882703081232 0.6193162931839402 0.38482948179271714 0.618469421101774 0.3665681022408964
2 0.5680784313725491 0.36783841036414555 0.5687138188608777 0.3849882703081232 0.5917917833800187 0.3851470588235294 0.5909449112978525 0.36736204481792717
2 0.5428830532212885 0.36863252801120444 0.5437299253034547 0.3860997899159664 0.5672315592903828 0.3856234243697479 0.5659612511671335 0.36799719887955185
2 0.5109124649859943 0.36863252801120444 0.5121827731092436 0.3864173669467787 0.5354726890756303 0.3859410014005602 0.5339906629318394 0.36815598739495803
2 0.4810590569561157 0.3692676820728291 0.48190592903828194 0.38705269607843135 0.5054075630252102 0.3868939075630252 0.5041372549019608 0.36863252801120444
2 0.4518408029878618 0.36974404761904756 0.4531111111111111 0.38737027310924366 0.4761893090569561 0.3868939075630252 0.4747072829131653 0.36910889355742293
2 0.4226225490196079 0.3702204131652661 0.4238930905695612 0.38816421568627457 0.44760620915032684 0.38752906162464984 0.44612418300653595 0.3699028361344538
2 0.39086367880485523 0.37069677871148454 0.39171055088702145 0.3878466386554622 0.4150004668534081 0.387687850140056 0.41495158264643 0.3863434805515784 0.4143653127917834 0.3702204131652661
2 0.35762278244631185 0.3703792016806723 0.35889309056956115 0.38816421568627457 0.38302987861811394 0.38800542717086833 0.38175957049486464 0.3703792016806723
2 0.3266935107376284 0.3708555672268908 0.3266935107376284 0.3883230042016807 0.35061858076563956 0.3887993697478992 0.3508302987861811 0.3710143557422969
2 0.29218207282913167 0.37069677871148454 0.2932408963585434 0.38911694677871156 0.3173776844070962 0.38895815826330526 0.31610714285714286 0.3705379901960784
2 0.2638109243697479 0.3708555672268908 0.2644460784313725 0.38911694677871156 0.2890063025210084 0.3887993697478992 0.2885828664799253 0.37069677871148454
2 0.2320518207282913 0.3710143557422969 0.2324820124132293 0.3803688022129055 0.23289892623716157 0.3894345238095237 0.2578825863678805 0.3894345238095237 0.2568239962651727 0.3710143557422969
2 0.20558613445378154 0.3713319327731092 0.23014635854341736 0.3708555672268908 0.23141666666666666 0.3887993697478992 0.20664472455648922 0.38911694677871156
2 0.1471496265172736 0.3718082983193277 0.17149813258636787 0.37069677871148454 0.1736155462184874 0.3883230042016807 0.14884360410831 0.38991088935574225
2 0.10416923436041085 0.37149072128851546 0.12851774042950515 0.3721258753501401 0.12851774042950515 0.3897521008403362 0.10459267040149393 0.3894345238095237
2 0.8193975256769375 0.4696258753501401 0.8422640056022409 0.46899072128851543 0.8435343137254901 0.4862993697478991 0.8208795518207284 0.48677573529411766
2 0.792296685340803 0.46994345238095236 0.8151629318394024 0.4696258753501401 0.8166451914098972 0.48677573529411766 0.7935669934640524 0.48677573529411766
2 0.7694302054154996 0.47010224089635855 0.7912378618113912 0.47010224089635855 0.7929318394024275 0.4866169467787115 0.7702770774976657 0.4872521008403361
2 0.7438113912231559 0.47073739495798317 0.7668893557422969 0.47041981792717086 0.7685833333333334 0.48756967787114847 0.7455051353874884 0.488046043417367
2 0.6949024276377217 0.4720077030812325 0.6968081232492997 0.48883998599439776 0.7196746031746031 0.488046043417367 0.7179806255835668 0.47105497198879553
2 0.6320198412698412 0.47311939775910367 0.6544628851540615 0.472484068627451 0.6557331932773109 0.48947514005602244 0.633078431372549 0.4899515056022409
2 0.59687324929972 0.47407212885154065 0.6201631652661065 0.47311939775910367 0.6205866013071895 0.4905866596638656 0.5981435574229692 0.49042787114845937
2 0.5718895891690009 0.4742309173669467 0.5947560690943043 0.4737545518207283 0.5956029411764706 0.4905866596638656 0.5733716153127918 0.49090441176470584
2 0.5428830532212885 0.47454849439775915 0.5655378151260505 0.4743897058823529 0.5663846872082166 0.49122198879551815 0.5439416433239963 0.4916983543417367
2 0.5121827731092436 0.4751836484593837 0.5352609710550887 0.47470728291316516 0.536531279178338 0.492015931372549 0.5136647992530345 0.492015931372549
2 0.4810590569561157 0.4756600140056022 0.5037138188608776 0.4753424369747899 0.5045606909430439 0.49217471988795514 0.48211764705882343 0.4924922969187675
2 0.4537464985994398 0.47597759103641457 0.4761893090569561 0.4756600140056022 0.4772478991596639 0.4928098739495798 0.454593370681606 0.4928098739495798
2 0.4300331465919701 0.4766127450980392 0.45268767507002805 0.47597759103641457 0.45332282913165267 0.4932862394957983 0.43066830065359474 0.4934450280112045
2 0.11943067226890756 0.4809002100840336 0.13806255835667602 0.4809002100840336 0.13742740429505138 0.4983676470588235 0.11879551820728292 0.4985264355742297
2 0.14166199813258637 0.48026505602240893 0.1414502801120448 0.49820885854341734 0.16601050420168068 0.4978912815126051 0.16643394024276378 0.4799474789915966
2 0.16855112044817924 0.48026505602240893 0.19332306255835668 0.4799474789915966 0.19311134453781512 0.4972561274509804 0.16876283846872084 0.4978912815126051
2 0.217671568627451 0.47962990196078437 0.2420200746965453 0.47915353641456593 0.2420200746965453 0.49646218487394955 0.21809500466853407 0.49693855042016805
2 0.2526064425770308 0.47915353641456593 0.27653151260504205 0.4788359593837535 0.2769549486461251 0.49582703081232504 0.25302987861811393 0.49646218487394955
2 0.2885999066293184 0.47835959383753507 0.28881162464985993 0.4956682422969188 0.31273669467787113 0.49550945378151257 0.31231325863678805 0.4785183823529412
2 0.31612441643323996 0.4780420168067227 0.33899089635854346 0.47835959383753507 0.33962605042016814 0.49503291316526615 0.31591269841269837 0.4951918767507003
2 0.34661297852474326 0.4778832282913165 0.37032633053221287 0.477406862745098 0.37032633053221287 0.4942389705882353 0.3470364145658264 0.4948741246498599
2 0.3762546685340803 0.477406862745098 0.3993328664799252 0.4772480742296919 0.39961404116611005 0.48842511676137035 0.3997563025210084 0.49408018207282917 0.3768898225957049 0.49408018207282917
2 0.402296918767507 0.4770892857142857 0.42537511671335193 0.4766127450980392 0.4257985527544351 0.4934450280112045 0.4033555088702147 0.4936038165266107
2 0.7488926237161531 0.5520402661064425 0.7507983193277312 0.5693489145658264 0.7728176937441644 0.5688725490196078 0.7704887955182074 0.5510875350140055
2 0.676905695611578 0.5539457282913165 0.6779645191409898 0.5707780112044818 0.7137462651727359 0.5701428571428572 0.7128991596638656 0.5529929971988795
2 0.6133879551820728 0.5550574229691877 0.6148699813258637 0.5722072829131652 0.636889589169001 0.5718895308123249 0.6351958450046685 0.5539457282913165
2 0.561514939309057 0.5561689425770308 0.5623620448179272 0.5731600140056022 0.5841697012138188 0.5728424369747899 0.5828993930905696 0.5553750000000001
2 0.5011729691876751 0.5572804621848739 0.5020200746965453 0.5745891106442577 0.52425116713352 0.5741127450980392 0.5231925770308123 0.5566453081232493
2 0.44866503267973856 0.5582331932773109 0.4704726890756303 0.5577568277310925 0.471531279178338 0.57490668767507 0.44908846872082164 0.5755418417366946
2 0.42241083099906634 0.5588685224089636 0.44464215686274516 0.5583919817927171 0.44527731092436973 0.5757006302521008 0.42241083099906634 0.5761769957983194
2 0.3923457049486461 0.5599800420168067 0.3923457049486461 0.576812324929972 0.41521218487394956 0.5761769957983194 0.4150004668534081 0.5591860994397759
2 0.34470728291316527 0.5610915616246498 0.34470728291316527 0.5782414215686275 0.36757376283846876 0.5776062675070027 0.36715032679738563 0.5604564075630253
2 0.27653151260504205 0.5625206582633053 0.2761080765639589 0.5798293067226891 0.2993979925303455 0.5791941526610644 0.2993979925303455 0.5620442927170868
2 0.21744281045751634 0.5645850840336134 0.21765452847805788 0.5814173669467787 0.24094444444444446 0.5810996148459384 0.24094444444444446 0.5636323529411764
2 0.12894117647058823 0.567125700280112 0.1535014005602241 0.5661729691876751 0.15371311858076564 0.5833228291316527 0.12936461251167133 0.5841167717086835 0.12999999999999998 0.5779238445378152 0.13402264239028946 0.5752242647058824
2 0.18017903828197945 0.5652202380952381 0.17933216619981326 0.5823700980392157 0.2032572362278245 0.5822113095238095 0.2036806722689076 0.5647438725490196
2 0.1782735760971055 0.5652202380952381 0.1778499066293184 0.5825288865546219 0.1543485060690943 0.5836404061624649 0.15456022408963585 0.5661729691876751
