1 0.689810 0.270310 0.780560 0.270310 0.780560 0.293750 0.689810 0.293750
1 0.341670 0.446350 0.419440 0.446350 0.419440 0.469790 0.341670 0.469790
1 0.437040 0.449480 0.515740 0.449480 0.515740 0.472920 0.437040 0.472920
1 0.625930 0.825520 0.700930 0.825520 0.700930 0.852600 0.625930 0.852600
1 0.467590 0.271870 0.552780 0.271870 0.552780 0.295310 0.467590 0.295310
1 0.475000 0.581250 0.552780 0.581250 0.552780 0.606770 0.475000 0.606770
1 0.707410 0.455210 0.791670 0.455210 0.791670 0.477600 0.707410 0.477600
1 0.263080 0.445320 0.337040 0.445320 0.337040 0.469550 0.263080 0.469550
1 0.581567 0.584471 0.661877 0.587318 0.660190 0.611889 0.578193 0.609042
1 0.354630 0.578120 0.432410 0.578120 0.432410 0.601560 0.354630 0.601560
1 0.789810 0.837500 0.868520 0.837500 0.868520 0.863020 0.789810 0.863020
1 0.856480 0.725520 0.939810 0.725520 0.939810 0.751040 0.856480 0.751040
1 0.577780 0.710940 0.650000 0.710940 0.650000 0.733850 0.577780 0.733850
1 0.934260 0.605210 0.999070 0.605210 0.999070 0.627080 0.934260 0.627080
2 0.422740 0.101040 0.580550 0.101040 0.580550 0.129200 0.422740 0.129200
1 0.849070 0.269270 0.946300 0.269270 0.946300 0.294270 0.849070 0.294270
2 0.216080 0.106250 0.370620 0.106250 0.370620 0.134030 0.216080 0.134030
1 0.234260 0.271350 0.317590 0.271350 0.317590 0.294270 0.234260 0.294270
1 0.450000 0.815100 0.524070 0.815100 0.524070 0.840100 0.450000 0.840100
1 0.788890 0.593750 0.873400 0.596597 0.875930 0.621642 0.788890 0.619270
2 0.676850 0.094800 0.845600 0.094800 0.845600 0.121220 0.676850 0.121220
1 0.300930 0.808850 0.369440 0.808850 0.369440 0.830210 0.300930 0.830210
3 0.975000 0.853120 1.000000 0.853120 1.000000 0.873960 0.975000 0.873960
1 0.276220 0.577080 0.347230 0.577080 0.347230 0.597400 0.276220 0.597400
1 0.676850 0.595310 0.753700 0.595310 0.753700 0.615100 0.676850 0.615100
1 0.093520 0.144270 0.097220 0.177080 0.126850 0.181770 0.137040 0.181250 0.139810 0.176040 0.132410 0.151040 0.117590 0.143230
1 0.279630 0.695830 0.278700 0.713020 0.282410 0.715100 0.331480 0.718750 0.349070 0.717710 0.350000 0.704690 0.345370 0.696350 0.300930 0.692710
2 0.028700 0.795310 0.027780 0.803650 0.035190 0.807810 0.101850 0.814580 0.137040 0.816150 0.143520 0.814060 0.144440 0.795310 0.138890 0.792710 0.086110 0.786460 0.036110 0.786460
2 0.032760 0.902430 0.028700 0.914580 0.030410 0.920910 0.058580 0.924870 0.087040 0.926560 0.124300 0.929490 0.133330 0.922920 0.135190 0.914060 0.136040 0.909030 0.080560 0.904690
2 0.326850 0.930730 0.326850 0.940100 0.331480 0.943750 0.420370 0.956770 0.429630 0.953120 0.431480 0.939580 0.421300 0.934900 0.342590 0.927600 0.334260 0.927600
2 0.544940 0.945920 0.544940 0.966380 0.561370 0.969020 0.599070 0.971350 0.650000 0.975520 0.660190 0.968230 0.653700 0.951040 0.571300 0.947400
2 0.720510 0.962640 0.717460 0.979580 0.850080 0.990800 0.848900 0.970340
3 0.001850 0.655730 0.000000 0.676560 0.022220 0.680210 0.044440 0.676040 0.045370 0.659900
3 0.004630 0.542710 0.006480 0.559900 0.023150 0.562500 0.039810 0.560940 0.043520 0.546880 0.039810 0.543230 0.013890 0.541150
