2 0.111579 0.228332 0.109465 0.249415 0.214346 0.249578 0.214346 0.228957
2 0.243975 0.248447 0.244252 0.227119 0.347705 0.227164 0.347248 0.248671
2 0.514294 0.227074 0.513440 0.248863 0.617993 0.248618 0.616336 0.225943
2 0.825791 0.224737 0.824848 0.248700 0.929370 0.249117 0.932021 0.225109
2 0.508766 0.390847 0.509104 0.411141 0.607099 0.409847 0.605967 0.390006
2 0.078001 0.391436 0.075778 0.412138 0.174607 0.412020 0.174329 0.390259
2 0.121292 0.540542 0.118227 0.560129 0.214903 0.559537 0.216932 0.538981
2 0.494641 0.537620 0.494154 0.556958 0.586389 0.557264 0.585844 0.537558
2 0.571399 0.693944 0.573243 0.714381 0.662193 0.713545 0.660627 0.693335
2 0.142469 0.700483 0.141117 0.720923 0.232499 0.719967 0.232854 0.699246
2 0.442984 0.815468 0.443204 0.833240 0.528851 0.832529 0.528447 0.813636
2 0.697756 0.812479 0.697838 0.831657 0.783587 0.830478 0.782483 0.811483
2 0.698515 0.940621 0.698485 0.959087 0.780912 0.958660 0.779423 0.940746
2 0.511108 0.941373 0.512626 0.959412 0.594152 0.959047 0.592960 0.941110
2 0.165412 0.943463 0.164926 0.960733 0.248106 0.960595 0.247916 0.942044
2 0.244311 0.818915 0.243664 0.834664 0.329229 0.834174 0.328713 0.817354
2 0.148618 0.820912 0.147349 0.835010 0.233268 0.834561 0.234295 0.818617
2 0.912980 0.936863 0.912980 0.954151 0.994693 0.955267 0.993228 0.937392
1 0.922720 0.849127 0.923319 0.867388 0.970777 0.866761 0.970202 0.848437
3 0.962496 0.274195 0.959718 0.295655 0.979442 0.291488 0.981665 0.269611
2 0.937363 0.752353 0.939803 0.769436 0.999187 0.769436 0.998373 0.751743
3 0.963996 0.648219 1.000000 0.647761 1.000000 0.666068 0.964606 0.666984 0.965216 0.659661
