1 0.453740 0.855120 0.451460 0.868660 0.479830 0.870560 0.483600 0.869680 0.492180 0.869640 0.493700 0.856790
1 0.375600 0.484230 0.376850 0.496290 0.414380 0.496470 0.413380 0.484360
1 0.470930 0.601760 0.435390 0.601210 0.435940 0.610680 0.471100 0.611030
1 0.965540 0.504300 0.999770 0.504940 1.000000 0.492780 0.970540 0.491840
1 0.258490 0.848550 0.253310 0.863180 0.293910 0.864500 0.298750 0.849880
1 0.602140 0.371650 0.600360 0.383880 0.640120 0.384070 0.642620 0.372110
1 0.892730 0.502590 0.930900 0.503480 0.935550 0.490840 0.896910 0.489850
1 0.854780 0.378590 0.895070 0.378530 0.900460 0.364640 0.859960 0.364790
1 0.607830 0.861790 0.609140 0.876370 0.651410 0.877120 0.648720 0.862300
1 0.227590 0.369050 0.232260 0.381130 0.267330 0.381440 0.272310 0.381530 0.268010 0.369780
1 0.512410 0.383810 0.551720 0.383890 0.552930 0.371930 0.513040 0.371780
1 0.858410 0.874300 0.865690 0.886830 0.907340 0.886470 0.899260 0.874540
1 0.683850 0.485400 0.681840 0.498070 0.720440 0.498120 0.722560 0.485610
1 0.361720 0.370610 0.362790 0.380060 0.363430 0.382380 0.402690 0.383300 0.402060 0.371230
1 0.517060 0.857670 0.516260 0.872400 0.557120 0.874630 0.557140 0.860390
1 0.281320 0.369590 0.282390 0.372710 0.284490 0.381440 0.319380 0.382040 0.324590 0.382190 0.321430 0.370100
1 0.752710 0.371050 0.711300 0.371470 0.708180 0.383850 0.748280 0.383840
1 0.914100 0.712710 0.948630 0.712980 0.952770 0.703360 0.918070 0.702940
1 0.807240 0.701840 0.805490 0.713850 0.840400 0.713820 0.841840 0.702010
1 0.743800 0.866620 0.747400 0.881210 0.789990 0.882880 0.785480 0.867900
1 0.472340 0.371720 0.431840 0.371060 0.433230 0.383550 0.472220 0.383790
1 0.828990 0.488240 0.826230 0.502140 0.864320 0.502990 0.867580 0.489180
1 0.538210 0.485140 0.537710 0.496980 0.575420 0.497350 0.575800 0.485140
1 0.246180 0.483260 0.249060 0.495570 0.287520 0.495850 0.285140 0.483820
1 0.253450 0.598460 0.255580 0.608600 0.291530 0.608790 0.289780 0.598550
1 0.365320 0.599960 0.366450 0.609350 0.401780 0.610010 0.401150 0.600520
1 0.521050 0.602400 0.556750 0.603530 0.555750 0.613020 0.520300 0.612170
1 0.596090 0.604190 0.631920 0.605030 0.630290 0.614620 0.594710 0.613860
1 0.650340 0.605690 0.648580 0.614800 0.684540 0.615930 0.686800 0.606540
1 0.963740 0.621220 0.999900 0.621110 0.999900 0.613170 0.969590 0.612970
1 0.898770 0.612640 0.935100 0.613110 0.928840 0.621100 0.892630 0.620720
1 0.813460 0.612930 0.809070 0.620910 0.845030 0.621570 0.849790 0.613210
1 0.263340 0.698620 0.265220 0.707540 0.299800 0.707360 0.297920 0.698240
1 0.517540 0.698710 0.517410 0.707830 0.551490 0.708300 0.551620 0.699090
3 0.907401 0.875522 0.921513 0.886836 0.951195 0.884281 0.927352 0.870413
