3 0.945570 0.477320 0.999070 0.476560 0.999070 0.459900 0.946230 0.459140
0 0.550320 0.610570 0.577370 0.612800 0.578690 0.597580 0.551640 0.596100
0 0.523930 0.685180 0.546300 0.686980 0.550000 0.685940 0.550000 0.669790 0.525250 0.667730
0 0.592590 0.781770 0.617590 0.783330 0.618950 0.767580 0.596510 0.764610
3 0.942280 0.587560 0.999020 0.589790 0.999070 0.570310 0.975930 0.569740 0.942930 0.568630
0 0.387040 0.677080 0.411090 0.677380 0.412410 0.663650 0.388000 0.662540
0 0.020460 0.739000 0.043550 0.741970 0.044210 0.725640 0.021120 0.723780
0 0.120370 0.742190 0.141210 0.744190 0.148470 0.729350 0.128670 0.727120
0 0.848150 0.787500 0.848150 0.803650 0.878270 0.805440 0.877780 0.788540
0 0.512998 0.775088 0.538452 0.777296 0.542952 0.761292 0.516930 0.759900
0 0.550530 0.778120 0.575390 0.779080 0.580670 0.762380 0.555160 0.761460
0 0.356980 0.761270 0.382504 0.763768 0.386680 0.747910 0.361380 0.746350
0 0.770370 0.690620 0.771300 0.701040 0.784260 0.703120 0.800000 0.702080 0.800930 0.690100 0.798150 0.687500 0.787960 0.684900 0.775000 0.685420 0.772220 0.685940
0 0.730460 0.698170 0.756860 0.700770 0.760190 0.685420 0.731120 0.683690
0 0.397230 0.765350 0.423150 0.767190 0.426930 0.751620 0.403170 0.750500
0 0.812960 0.690620 0.812040 0.701560 0.814810 0.704170 0.834260 0.705730 0.844440 0.704170 0.845370 0.692710 0.841670 0.688540 0.817590 0.686460
3 0.000000 0.830680 0.000000 0.845150 0.031670 0.848860 0.036290 0.834020
0 0.771560 0.779690 0.772490 0.795830 0.799340 0.798440 0.799340 0.781250
0 0.633330 0.784380 0.660520 0.786880 0.663160 0.771290 0.637040 0.768750
0 0.252949 0.753624 0.277800 0.755330 0.282696 0.740304 0.258807 0.738716
0 0.697470 0.789850 0.725162 0.792318 0.728386 0.775736 0.700861 0.773832
0 0.447380 0.680720 0.473120 0.681470 0.475100 0.665880 0.448040 0.663650
0 0.481957 0.773048 0.507383 0.774754 0.512710 0.758670 0.487507 0.756858
0 0.442590 0.768750 0.467840 0.770920 0.473120 0.755700 0.448150 0.753120
0 0.623150 0.691670 0.648150 0.692710 0.650930 0.691150 0.651850 0.678650 0.649070 0.676040 0.624880 0.675530
0 0.149070 0.744790 0.172880 0.746420 0.177500 0.732320 0.155560 0.731250
0 0.692590 0.696350 0.721300 0.697400 0.720370 0.680730 0.693510 0.680350
1 0.597830 0.906770 0.660520 0.913450 0.663230 0.900370 0.601790 0.894520
1 0.054770 0.254990 0.103600 0.253880 0.099640 0.267610 0.051470 0.269100
1 0.000660 0.255740 0.048170 0.255360 0.045530 0.270580 0.000000 0.270580
1 0.117450 0.253140 0.114810 0.268730 0.167600 0.266870 0.168260 0.251280
1 0.189380 0.250170 0.187400 0.266500 0.240190 0.264640 0.241510 0.247200
1 0.269220 0.247570 0.264600 0.264640 0.316070 0.262420 0.317390 0.246460
1 0.339830 0.245710 0.335210 0.261670 0.390640 0.260190 0.395250 0.243490
1 0.422970 0.241630 0.419010 0.259450 0.474440 0.257220 0.476420 0.240520
0 0.139890 0.337020 0.164960 0.336280 0.161660 0.353350 0.135930 0.352980
0 0.170900 0.337020 0.195980 0.337390 0.193340 0.352240 0.166940 0.353350
0 0.200600 0.336650 0.197300 0.352610 0.222370 0.351870 0.224350 0.336650
0 0.235570 0.336280 0.233590 0.352610 0.258660 0.352240 0.261300 0.336280
0 0.269220 0.336280 0.267240 0.352610 0.293640 0.352240 0.296280 0.335170
0 0.306170 0.334050 0.304850 0.351870 0.331250 0.351130 0.331910 0.334790
0 0.341150 0.334050 0.339830 0.351500 0.368200 0.351500 0.367540 0.333310
0 0.376780 0.332570 0.374140 0.350380 0.401190 0.350750 0.402510 0.332200
0 0.409770 0.333310 0.407130 0.351130 0.436160 0.350380 0.436160 0.332570
0 0.442100 0.332570 0.442760 0.349640 0.472460 0.349270 0.472460 0.331450
0 0.483010 0.332570 0.482350 0.348900 0.508090 0.348900 0.510070 0.331080
0 0.513370 0.331080 0.510730 0.348900 0.541080 0.348530 0.543720 0.329970
0 0.549000 0.330340 0.546360 0.349270 0.576050 0.348530 0.576050 0.330340
0 0.581990 0.329600 0.580670 0.348160 0.611690 0.347790 0.611030 0.328860
0 0.661180 0.328110 0.659200 0.345930 0.690210 0.345190 0.691650 0.327000
0 0.697590 0.328110 0.696930 0.344440 0.727280 0.344820 0.726620 0.326630
0 0.741800 0.326630 0.739820 0.343700 0.772150 0.343330 0.772150 0.326260
0 0.781390 0.326260 0.779410 0.342960 0.809760 0.341850 0.812400 0.324770
0 0.826260 0.324770 0.824280 0.342590 0.857270 0.341850 0.858590 0.323290
0 0.866510 0.326260 0.864530 0.341850 0.900820 0.340730 0.900160 0.321800 0.867170 0.321800
0 0.111630 0.337020 0.109650 0.353350 0.134070 0.352610 0.136050 0.336280
0 0.052790 0.336650 0.079190 0.336650 0.079190 0.353720 0.052790 0.353720
0 0.011880 0.337030 0.036300 0.337030 0.036300 0.354840 0.011880 0.354840
1 0.578030 0.237180 0.576050 0.254620 0.636760 0.252390 0.638080 0.235320
1 0.739040 0.231610 0.738380 0.247200 0.803700 0.244600 0.806340 0.227530
1 0.829440 0.227160 0.827460 0.243490 0.896090 0.240890 0.900040 0.222330
0 0.031670 0.431300 0.030350 0.445770 0.048830 0.446520 0.050810 0.431670
0 0.056090 0.431670 0.053450 0.446520 0.077860 0.446890 0.079840 0.431670
0 0.601790 0.435390 0.630820 0.435390 0.630820 0.453940 0.601790 0.453940
0 0.682950 0.436120 0.715290 0.436120 0.715290 0.454680 0.682950 0.454680
0 0.558240 0.435760 0.585950 0.435760 0.585950 0.453940 0.558240 0.453940
0 0.527890 0.436120 0.525910 0.453200 0.554280 0.452830 0.556920 0.436870
0 0.490270 0.436870 0.518650 0.435750 0.516670 0.452080 0.490270 0.451340
0 0.453980 0.436120 0.481700 0.436120 0.478400 0.451340 0.452000 0.452080
0 0.417030 0.435750 0.444740 0.436490 0.440780 0.452080 0.413730 0.451710
0 0.384700 0.436120 0.411750 0.435750 0.408450 0.451340 0.380740 0.451710
0 0.356980 0.435750 0.382060 0.436870 0.381400 0.451340 0.355000 0.450970
0 0.325310 0.435380 0.350380 0.435750 0.348400 0.450970 0.323330 0.450600
0 0.298250 0.436120 0.323330 0.434640 0.320690 0.450600 0.295620 0.450600
0 0.263940 0.434640 0.289020 0.435010 0.285720 0.450600 0.261960 0.450230
0 0.232270 0.434640 0.256680 0.434270 0.252720 0.448740 0.228970 0.448370
0 0.201920 0.433530 0.225010 0.433530 0.224350 0.449110 0.201920 0.447630
0 0.163640 0.432780 0.190040 0.433150 0.186740 0.448000 0.162320 0.447630
0 0.129330 0.433150 0.155070 0.434270 0.151110 0.448000 0.128010 0.447630
0 0.081160 0.432040 0.106240 0.432410 0.102940 0.447260 0.077860 0.447260
0 0.048170 0.505900 0.069940 0.504790 0.068620 0.519640 0.048170 0.519270
0 0.072580 0.505160 0.093700 0.505900 0.093040 0.520750 0.069290 0.520380
0 0.097000 0.507390 0.120750 0.507020 0.119430 0.521120 0.094360 0.520750
0 0.131310 0.507760 0.156390 0.508500 0.155730 0.521860 0.131970 0.521490
0 0.192680 0.509240 0.215770 0.509990 0.214450 0.523350 0.192020 0.522610
0 0.264600 0.509990 0.291660 0.511470 0.287700 0.525950 0.263280 0.524830
0 0.316070 0.512210 0.342470 0.513330 0.340490 0.528170 0.316070 0.527430
0 0.349720 0.512960 0.378100 0.514440 0.375460 0.528540 0.350380 0.528920
0 0.380740 0.515180 0.408450 0.515180 0.405810 0.529660 0.380080 0.529290
0 0.445400 0.515920 0.471140 0.516670 0.469820 0.531140 0.444740 0.530400
0 0.517990 0.517410 0.544380 0.517780 0.543060 0.534110 0.516010 0.533000
0 0.582650 0.520010 0.611690 0.520010 0.609710 0.535230 0.581990 0.534850
0 0.763450 0.522980 0.792490 0.522980 0.791830 0.538570 0.761470 0.538200
0 0.731120 0.603520 0.762130 0.604260 0.758840 0.620590 0.729800 0.619480
0 0.618290 0.599070 0.644680 0.599440 0.642040 0.615030 0.615650 0.614280
3 0.960090 0.794300 0.958770 0.812490 0.999070 0.815090 0.999070 0.795790
0 0.751580 0.435750 0.750260 0.455800 0.780610 0.454680 0.781930 0.437610
0 0.816240 0.438350 0.812280 0.454680 0.783250 0.454680 0.786550 0.437980
0 0.851210 0.437240 0.849240 0.455420 0.816240 0.454680 0.819540 0.436870
0 0.889490 0.436490 0.888830 0.454680 0.857150 0.454680 0.860450 0.436870
1 0.069940 0.837360 0.066650 0.851090 0.110860 0.854800 0.116130 0.840330
1 0.164300 0.845890 0.209170 0.850350 0.205220 0.865200 0.161000 0.860740
1 0.226990 0.852580 0.225010 0.866680 0.272520 0.872250 0.273180 0.856290
1 0.326630 0.861850 0.322670 0.879670 0.373480 0.884120 0.376780 0.867790
3 0.934360 0.929780 0.933700 0.948340 0.999070 0.954650 0.999070 0.936090
1 0.669090 0.900830 0.667110 0.914560 0.725180 0.920500 0.725840 0.905650
1 0.745640 0.907880 0.744980 0.923840 0.801720 0.928290 0.803050 0.912710
1 0.816240 0.915300 0.815580 0.931630 0.887510 0.938690 0.887510 0.922360
0 0.189824 0.733708 0.183669 0.748342 0.207850 0.750500 0.213130 0.734972
0 0.227650 0.736030 0.222370 0.750500 0.246790 0.752730 0.251410 0.737510
0 0.295620 0.742340 0.291000 0.756070 0.314750 0.757930 0.319370 0.743820
0 0.326630 0.743080 0.321518 0.759256 0.346420 0.761394 0.353020 0.745310
0 0.294960 0.655860 0.289680 0.670700 0.313430 0.672560 0.317390 0.656600
0 0.242170 0.652520 0.266580 0.652890 0.261300 0.669960 0.236890 0.668850
0 0.184760 0.650290 0.205870 0.651400 0.201920 0.665880 0.180140 0.664020
0 0.152430 0.646950 0.174860 0.648430 0.172220 0.664020 0.149790 0.661790
0 0.124050 0.645090 0.145830 0.646580 0.140550 0.662910 0.118110 0.661050
0 0.093700 0.645460 0.117450 0.645830 0.113500 0.661420 0.089740 0.660310
0 0.075220 0.644350 0.093040 0.645090 0.090400 0.660680 0.072580 0.659200
0 0.081160 0.724520 0.103600 0.726750 0.098980 0.741230 0.076540 0.739000
0 0.486970 0.591270 0.514030 0.593130 0.511390 0.610940 0.484330 0.608720
0 0.355000 0.587190 0.382720 0.588300 0.376780 0.604630 0.351700 0.603150
0 0.293640 0.584960 0.318710 0.584960 0.318050 0.601290 0.292980 0.600180
0 0.261300 0.583480 0.258000 0.597950 0.232930 0.596840 0.236230 0.582740
0 0.172220 0.580510 0.197960 0.581250 0.192020 0.596840 0.167600 0.594980
0 0.125370 0.577910 0.150450 0.578650 0.145830 0.594610 0.120750 0.593500
0 0.055430 0.574940 0.079180 0.576050 0.075880 0.590900 0.053450 0.589790
3 0.493405 0.239377 0.490031 0.257405 0.569313 0.255033 0.571000 0.236531
3 0.644379 0.233684 0.640161 0.251712 0.724504 0.248391 0.727034 0.229414
3 0.963194 0.696460 0.961507 0.714014 0.999461 0.715912 0.999461 0.697409
3 0.419939 0.872079 0.416805 0.888825 0.498286 0.897199 0.500636 0.881774
3 0.511605 0.883096 0.510038 0.897639 0.582901 0.906013 0.586034 0.891029
3 0.665165 0.520399 0.663598 0.535824 0.711389 0.538027 0.713740 0.521721
