1 0.054995 0.403300 0.046059 0.441797 0.112741 0.440880 0.116178 0.406966
2 0.134051 0.404216 0.127177 0.441797 0.240605 0.440880 0.246792 0.401467
1 0.277727 0.406966 0.276352 0.441797 0.338222 0.445463 0.340284 0.407883
2 0.346471 0.409716 0.343721 0.446379 0.455087 0.445463 0.454400 0.411549
2 0.513520 0.409716 0.514207 0.446379 0.620761 0.447296 0.619386 0.409716
2 0.770623 0.414299 0.774748 0.450962 0.882676 0.450046 0.877864 0.414299
2 0.090742 0.700275 0.085243 0.738772 0.167736 0.740605 0.174610 0.698442
2 0.316911 0.698442 0.314161 0.741522 0.424840 0.739688 0.424152 0.697525
2 0.637947 0.703025 0.638634 0.740605 0.747938 0.739688 0.743813 0.706691 0.669569 0.708524 0.664070 0.700275
2 0.076994 0.944088 0.070119 0.982585 0.179423 0.986251 0.182860 0.939505
2 0.550642 0.939505 0.549954 0.981668 0.654445 0.978918 0.653071 0.940422
2 0.690192 0.939505 0.691567 0.982585 0.796746 0.977085 0.792621 0.934005
