2 0.087015 0.251265 0.082816 0.271136 0.185526 0.273800 0.189200 0.254236
2 0.300283 0.255995 0.298897 0.277348 0.400811 0.279772 0.402206 0.256444
2 0.095248 0.411395 0.092583 0.430337 0.191324 0.433136 0.193989 0.414187
2 0.113469 0.531283 0.111632 0.549918 0.206790 0.551677 0.208208 0.532691
2 0.570429 0.423093 0.569412 0.443106 0.667095 0.444625 0.667653 0.425442
2 0.812998 0.266106 0.813555 0.286463 0.919283 0.288745 0.916528 0.268209
2 0.099611 0.665975 0.098184 0.685539 0.194989 0.687402 0.195358 0.667943
2 0.212063 0.669253 0.210595 0.688023 0.302243 0.688921 0.303071 0.670772
2 0.329353 0.670151 0.328296 0.687611 0.391463 0.690299 0.393718 0.670846
2 0.640444 0.679641 0.640125 0.698448 0.561311 0.695551 0.561212 0.675950
2 0.124728 0.791835 0.119404 0.810991 0.209110 0.813022 0.210866 0.793938
2 0.232908 0.794694 0.230464 0.814258 0.316462 0.815575 0.319226 0.797216
2 0.659084 0.805913 0.659133 0.826614 0.746689 0.828890 0.746558 0.807709
2 0.795334 0.684095 0.795744 0.703069 0.887408 0.705418 0.887031 0.686746
2 0.789307 0.810091 0.788848 0.829003 0.876592 0.829796 0.877092 0.812674
2 0.691295 0.958239 0.774521 0.959033 0.776456 0.977533 0.692304 0.976567
2 0.589102 0.954900 0.588782 0.973634 0.672467 0.975288 0.672656 0.957034
1 0.510230 0.953030 0.509681 0.970528 0.555414 0.972938 0.556333 0.954654
1 0.333782 0.947821 0.332994 0.965693 0.378097 0.967250 0.380483 0.949955
2 0.162205 0.941099 0.159851 0.960244 0.243503 0.964593 0.244422 0.944340
2 0.677526 0.264318 0.676608 0.283604 0.612092 0.283604 0.613240 0.262940
