1 0.051820 0.298670 0.050890 0.314430 0.052520 0.316000 0.101320 0.317910 0.101770 0.302350 0.099440 0.299020
1 0.442480 0.753660 0.402730 0.755180 0.402660 0.758580 0.403590 0.771360 0.443210 0.769810
1 0.458920 0.312000 0.458680 0.319720 0.459320 0.328470 0.503080 0.329640 0.502270 0.313280 0.475020 0.312150
1 0.115580 0.618700 0.115400 0.616480 0.069410 0.617750 0.069560 0.619400 0.068390 0.634000 0.114580 0.633280
1 0.658260 0.318280 0.658450 0.331040 0.665430 0.333810 0.695480 0.334110 0.700280 0.334130 0.699810 0.321780 0.697250 0.319500
1 0.720040 0.319200 0.719760 0.334560 0.741210 0.335290 0.760500 0.335680 0.760040 0.321780 0.760020 0.320320 0.737160 0.319330
1 0.779410 0.739670 0.743990 0.741020 0.745860 0.756470 0.760040 0.755760 0.778850 0.754880 0.781720 0.754550
1 0.000000 0.296040 0.000000 0.315130 0.040850 0.316350 0.043420 0.314430 0.043420 0.298840 0.041320 0.297270
1 0.378480 0.308340 0.378380 0.313550 0.378380 0.323880 0.378240 0.325570 0.423990 0.327190 0.423290 0.309780 0.397060 0.309000
3 0.000000 0.618270 0.000000 0.635500 0.027780 0.634630 0.028480 0.621150 0.028940 0.617880
1 0.605870 0.317690 0.605730 0.330550 0.646360 0.332980 0.647760 0.331410 0.647990 0.318100 0.607380 0.315650
3 0.000000 0.451330 0.000000 0.470760 0.034550 0.470240 0.036650 0.455880 0.035010 0.452560
1 0.159430 0.301120 0.130720 0.300250 0.127920 0.301650 0.126750 0.318280 0.158960 0.319600 0.157060 0.314390 0.165790 0.302700
1 0.220750 0.302780 0.220750 0.319710 0.270010 0.321360 0.268910 0.303810
1 0.289010 0.305260 0.288460 0.321980 0.335250 0.323630 0.334420 0.306910
1 0.773990 0.320330 0.775090 0.336010 0.815270 0.337250 0.814170 0.321360
1 0.829590 0.321980 0.830960 0.337250 0.871970 0.338080 0.871150 0.322600
1 0.907480 0.324870 0.908030 0.339110 0.872520 0.338290 0.872250 0.322800
2 0.081520 0.454470 0.080680 0.470430 0.132890 0.469930 0.136380 0.453970
1 0.233970 0.456590 0.280520 0.457210 0.280350 0.472420 0.233640 0.472050
1 0.319420 0.457460 0.363640 0.457830 0.364140 0.472800 0.319920 0.472550
1 0.394730 0.458210 0.437130 0.458330 0.437790 0.473670 0.395230 0.473420
1 0.487670 0.458710 0.528560 0.458830 0.530060 0.474290 0.488330 0.474040
1 0.565140 0.459450 0.605370 0.459450 0.607370 0.474170 0.566640 0.474040
1 0.664060 0.459830 0.703790 0.459450 0.706290 0.474420 0.665890 0.474290
1 0.742530 0.459830 0.781430 0.459580 0.783590 0.474790 0.744690 0.474420
1 0.789580 0.460330 0.827650 0.459950 0.830970 0.474540 0.791740 0.474670
1 0.840120 0.460200 0.877520 0.459830 0.880020 0.474670 0.842450 0.474790
1 0.748680 0.604960 0.786250 0.604720 0.788910 0.619680 0.751010 0.620180
1 0.691820 0.605840 0.729230 0.604720 0.732220 0.620680 0.694150 0.621050
1 0.544860 0.607960 0.584420 0.607080 0.586090 0.623040 0.546520 0.623670
1 0.474870 0.609330 0.514270 0.608330 0.515760 0.624170 0.475860 0.625410
1 0.382600 0.611070 0.424160 0.609700 0.425320 0.626040 0.383260 0.627410
1 0.241780 0.615060 0.285670 0.613320 0.285510 0.629900 0.240780 0.631650
1 0.301300 0.613190 0.300300 0.629150 0.343690 0.628410 0.344360 0.612700 0.303790 0.614190
3 0.129680 0.615940 0.129510 0.632770 0.142480 0.632270 0.146300 0.615940
1 0.473320 0.751970 0.473980 0.767930 0.513220 0.766560 0.512050 0.750230
1 0.547130 0.748480 0.548460 0.764570 0.586870 0.762940 0.584540 0.746360
1 0.612470 0.746110 0.649040 0.744240 0.651700 0.760200 0.613960 0.761950
1 0.681960 0.743240 0.684120 0.758710 0.720530 0.757080 0.718040 0.741620
1 0.806150 0.738510 0.840560 0.736760 0.843060 0.751600 0.808150 0.753340
1 0.639400 0.899850 0.640730 0.914690 0.678470 0.911570 0.676810 0.897230
1 0.718540 0.895240 0.719700 0.908460 0.755780 0.906210 0.754940 0.892750
1 0.786200 0.890870 0.787360 0.903590 0.822610 0.901220 0.822110 0.888630
1 0.479130 0.909580 0.479630 0.925540 0.520030 0.922300 0.518870 0.906960
1 0.552290 0.904720 0.553450 0.920300 0.592350 0.917560 0.591350 0.902100
1 0.246720 0.924290 0.245880 0.940000 0.288610 0.937630 0.289610 0.921800
1 0.359600 0.918680 0.400330 0.915440 0.400330 0.930770 0.359430 0.933390
1 0.243880 0.762620 0.243880 0.779250 0.284750 0.776910 0.285780 0.760030
3 0.170030 0.337150 0.179150 0.338740 0.181920 0.356700 0.171660 0.356210
