2 0.033988 0.313655 0.039436 0.353500 0.144246 0.349714 0.139853 0.308992
2 0.184520 0.309657 0.188941 0.350735 0.292725 0.347084 0.289727 0.307624
2 0.362674 0.306324 0.365282 0.346381 0.467535 0.343751 0.466826 0.305062
2 0.528386 0.302326 0.526543 0.343789 0.630067 0.341438 0.631541 0.301381
2 0.697725 0.298222 0.695781 0.336911 0.798330 0.335090 0.800829 0.295176
2 0.840078 0.292364 0.837050 0.333654 0.938760 0.331930 0.942864 0.290996
2 0.768677 0.498122 0.768598 0.531936 0.857202 0.530009 0.856335 0.496127
2 0.622777 0.503420 0.622618 0.536146 0.715094 0.533516 0.715593 0.500722
2 0.383721 0.510260 0.383483 0.545654 0.477852 0.541724 0.475511 0.507562
2 0.177706 0.519624 0.178653 0.551126 0.259944 0.548284 0.257524 0.512996
2 0.084262 0.519518 0.086183 0.552668 0.174079 0.553862 0.174816 0.517591
2 0.157964 0.825207 0.159280 0.854709 0.236172 0.853264 0.236172 0.823168
2 0.435118 0.815347 0.435602 0.843636 0.511893 0.838552 0.511099 0.810933
2 0.865492 0.797254 0.864175 0.822161 0.940331 0.819838 0.939731 0.792969
2 0.785155 0.664868 0.784129 0.696332 0.867060 0.693648 0.868590 0.664068
2 0.908080 0.599979 0.908564 0.631701 0.979822 0.629275 0.978796 0.592339
2 0.953592 0.795395 0.953050 0.821826 0.998484 0.819297 0.998774 0.793047
2 0.374584 0.680871 0.375029 0.709289 0.458425 0.705263 0.457108 0.674316
1 0.513035 0.678523 0.512686 0.704179 0.559069 0.701082 0.559127 0.676329
1 0.645194 0.673051 0.644594 0.699352 0.692544 0.699042 0.693841 0.672715
1 0.236578 0.686679 0.237972 0.716413 0.284567 0.713677 0.282980 0.685698
1 0.127397 0.690241 0.129372 0.719898 0.179529 0.716826 0.176955 0.689466
3 0.028148 0.833418 0.030550 0.860421 0.000000 0.862252 0.000000 0.835248
