0 0.225548 0.334432 0.249333 0.335205 0.251653 0.370012 0.227289 0.369239
0 0.347372 0.357636 0.370577 0.359183 0.370577 0.391670 0.346212 0.390123
0 0.421486 0.345476 0.444484 0.347764 0.443111 0.379802 0.419426 0.377971
0 0.507645 0.355087 0.530643 0.356002 0.530300 0.386209 0.506272 0.386209
0 0.726420 0.385294 0.749762 0.383921 0.752508 0.416874 0.728136 0.417332
0 0.921736 0.342272 0.944735 0.344103 0.942332 0.381175 0.919677 0.379344
3 0.956062 0.683246 0.962584 0.717572 0.992105 0.718945 0.992791 0.685077
0 0.722301 0.636562 0.744956 0.635189 0.748045 0.668142 0.724360 0.668142
0 0.498837 0.646631 0.521492 0.648462 0.520119 0.677754 0.497120 0.675923
0 0.129753 0.354172 0.154468 0.355545 0.152752 0.389413 0.128037 0.388956
0 0.060757 0.512988 0.084099 0.512988 0.081696 0.545941 0.058355 0.545483
0 0.009268 0.298792 0.036386 0.296961 0.039475 0.335864 0.010984 0.337237
0 0.041878 0.290554 0.042565 0.324880 0.066593 0.324422 0.066250 0.301538
0 0.000343 0.301538 0.008238 0.302453 0.011328 0.335864 0.000343 0.335407
0 0.011090 0.068386 0.035118 0.069091 0.033006 0.099720 0.007393 0.099720
2 0.057827 0.252516 0.052546 0.280681 0.153940 0.288427 0.158693 0.255333
2 0.238435 0.259557 0.234475 0.291947 0.336925 0.297228 0.339566 0.263782
2 0.489281 0.272232 0.488225 0.303917 0.588563 0.307438 0.587243 0.275048
2 0.684677 0.277513 0.685469 0.309902 0.786863 0.313071 0.783695 0.279977
2 0.807773 0.281737 0.811206 0.314479 0.911280 0.314831 0.905735 0.284202
