1 0.873020 0.587360 0.830560 0.588870 0.831380 0.592040 0.831580 0.597160 0.832890 0.606070 0.873750 0.604720 0.873250 0.600320
1 0.735990 0.828260 0.718580 0.828340 0.709900 0.828960 0.697830 0.829090 0.700050 0.845060 0.738070 0.842400
1 0.337010 0.845760 0.333660 0.845630 0.318860 0.846110 0.296660 0.846990 0.296860 0.850790 0.297560 0.862240 0.313200 0.862150 0.325290 0.862090 0.337480 0.861470 0.336830 0.856270
1 0.793650 0.825280 0.788980 0.825120 0.755840 0.826160 0.756060 0.833690 0.758020 0.841630 0.795080 0.839790
1 0.611340 0.833860 0.596140 0.834360 0.571750 0.835300 0.572890 0.844850 0.573700 0.851690 0.611520 0.849590 0.611340 0.846110
1 0.486260 0.838810 0.466390 0.839390 0.447370 0.840360 0.447480 0.847400 0.447790 0.856090 0.487630 0.854700
1 0.665970 0.831230 0.653830 0.831410 0.643340 0.831120 0.627680 0.832330 0.629550 0.847860 0.646710 0.847750 0.667900 0.846860
2 0.421750 0.707810 0.407210 0.708250 0.347130 0.710960 0.347110 0.719860 0.347210 0.727310 0.391180 0.725430 0.421950 0.724380
2 0.876050 0.223040 0.873250 0.220590 0.796800 0.220580 0.797150 0.236170 0.798790 0.239150 0.877800 0.239060
2 0.330970 0.711200 0.255370 0.713250 0.254380 0.729700 0.330440 0.727130
2 0.807250 0.695750 0.794380 0.696410 0.735440 0.698440 0.736110 0.712580 0.736660 0.714460 0.787820 0.713240 0.807840 0.711990
2 0.882000 0.821260 0.842490 0.822370 0.814130 0.823660 0.815240 0.830220 0.816500 0.839660 0.834210 0.838320 0.842670 0.838020 0.861920 0.836490 0.883760 0.835070
2 0.413400 0.228120 0.415500 0.244220 0.435570 0.244220 0.450050 0.243700 0.493930 0.242470 0.494860 0.240720 0.496270 0.225580 0.416670 0.226190
2 0.318670 0.391060 0.317880 0.382930 0.233420 0.383180 0.232870 0.388420 0.233310 0.395340 0.233560 0.400850 0.308140 0.400050 0.317900 0.400150
2 0.300070 0.233290 0.299970 0.227150 0.216480 0.228740 0.216060 0.239310 0.215910 0.246040 0.300710 0.243980 0.300190 0.237130
2 0.670220 0.223260 0.749690 0.223690 0.750850 0.240780 0.670810 0.241220
2 0.672220 0.376190 0.673390 0.393140 0.754020 0.391530 0.754020 0.374000
2 0.510840 0.596640 0.432860 0.599970 0.433560 0.604700 0.434620 0.610470 0.435390 0.615990 0.510850 0.611960
2 0.280170 0.488170 0.281920 0.503950 0.362550 0.503070 0.362550 0.486860
2 0.240440 0.606490 0.317560 0.604300 0.319320 0.620510 0.239860 0.622270
2 0.329830 0.603860 0.406370 0.599920 0.407540 0.615690 0.331590 0.619640
2 0.671050 0.594220 0.669880 0.610000 0.745260 0.607370 0.744090 0.591150
2 0.836480 0.696200 0.837910 0.710930 0.908080 0.707400 0.906650 0.692820
