1 0.039550 0.306960 0.037710 0.318980 0.037250 0.321110 0.080070 0.320550 0.081700 0.318800 0.083200 0.305370 0.043880 0.305320
3 0.115880 0.305710 0.160190 0.305090 0.161570 0.306940 0.164320 0.319740 0.113950 0.320160
3 0.000280 0.406470 0.013490 0.406260 0.011840 0.421540 0.000000 0.421740
1 0.033860 0.406050 0.075970 0.405430 0.075420 0.421540 0.032200 0.421540
3 0.084780 0.405850 0.113130 0.405850 0.109990 0.414440 0.105420 0.420710 0.083400 0.421330
1 0.225420 0.303870 0.268640 0.303460 0.269460 0.320180 0.225980 0.319760
3 0.169280 0.328430 0.186890 0.327610 0.191570 0.344330 0.171750 0.345570
1 0.329470 0.303870 0.371580 0.303660 0.372680 0.319760 0.330020 0.319970
1 0.235320 0.385820 0.276900 0.386040 0.276630 0.400890 0.233130 0.401260
1 0.295060 0.386240 0.336620 0.386440 0.336620 0.401100 0.293960 0.401100
1 0.484150 0.303660 0.483600 0.319560 0.525720 0.319970 0.525990 0.304080
1 0.545530 0.303660 0.587100 0.303040 0.587370 0.319350 0.545530 0.319760
1 0.386170 0.385820 0.428000 0.385620 0.428000 0.401100 0.386440 0.400890
1 0.441770 0.385200 0.481950 0.385200 0.483050 0.400690 0.441770 0.400690
1 0.512780 0.385200 0.553790 0.385000 0.554620 0.399860 0.513330 0.400270
1 0.581870 0.384790 0.623430 0.384380 0.624530 0.398830 0.583240 0.399650
1 0.655360 0.384170 0.697190 0.383140 0.698840 0.398000 0.656460 0.398420
1 0.747330 0.301600 0.747600 0.316670 0.790260 0.316260 0.789710 0.300770
1 0.811460 0.300770 0.813110 0.315430 0.854400 0.315430 0.854950 0.299740
1 0.745120 0.381900 0.747050 0.396760 0.789990 0.395940 0.786960 0.381490
1 0.828520 0.380660 0.830450 0.395110 0.872560 0.395320 0.869530 0.380040
2 0.932010 0.299330 0.933670 0.314190 1.000000 0.313160 0.999450 0.299120
2 0.938070 0.400070 0.940820 0.414100 0.999720 0.412870 0.999720 0.398420
2 0.926510 0.512990 0.928160 0.528060 0.998900 0.526820 0.997800 0.512160
1 0.833750 0.477270 0.874490 0.477070 0.877520 0.491930 0.837060 0.492140
1 0.749250 0.478920 0.789160 0.477480 0.792470 0.492550 0.751730 0.493170
1 0.666680 0.479960 0.706870 0.479130 0.709340 0.494410 0.668330 0.494820
2 0.907790 0.604020 0.911370 0.618470 0.981280 0.617030 0.978260 0.602780
2 0.741270 0.657490 0.743200 0.672970 0.813380 0.672150 0.810080 0.655840
1 0.701910 0.569550 0.741000 0.568310 0.743470 0.583790 0.703840 0.584210
1 0.624840 0.570370 0.664200 0.569960 0.666130 0.585240 0.626220 0.585240
1 0.520250 0.571820 0.558780 0.571410 0.559880 0.586060 0.519970 0.586890
1 0.447030 0.573060 0.486670 0.572650 0.486390 0.587300 0.447310 0.587510
1 0.385100 0.573470 0.424460 0.572850 0.424190 0.587920 0.383450 0.588950
2 0.541990 0.658520 0.542820 0.674830 0.613010 0.674210 0.611080 0.658320
2 0.646310 0.658320 0.716220 0.657280 0.718150 0.672970 0.647140 0.674000
2 0.254360 0.664920 0.253260 0.680820 0.325930 0.678960 0.326480 0.663680
1 0.082300 0.615790 0.122480 0.615170 0.121110 0.630650 0.080100 0.630860
3 0.147260 0.614550 0.149730 0.614140 0.150280 0.620120 0.148080 0.625490 0.160470 0.625490 0.170100 0.618470 0.169550 0.629620 0.145330 0.630240
1 0.166250 0.701870 0.205880 0.701050 0.204780 0.717150 0.164600 0.717770
1 0.082020 0.703110 0.121930 0.702290 0.120010 0.718590 0.080370 0.718800
3 0.000000 0.617230 0.028630 0.616820 0.026700 0.631270 0.000000 0.631890
2 0.899540 0.688450 0.966970 0.687830 0.970270 0.703520 0.901190 0.704140
2 0.911650 0.776600 0.912200 0.786300 0.979910 0.785680 0.979360 0.774540
1 0.815860 0.758230 0.818340 0.772890 0.855500 0.772470 0.853570 0.757610
1 0.740720 0.759670 0.778430 0.758850 0.780080 0.774120 0.742650 0.775160
1 0.725860 0.760290 0.727780 0.775160 0.690080 0.776390 0.689800 0.770410
3 0.947980 0.866610 0.950730 0.883330 0.933390 0.884770 0.925960 0.876100 0.914400 0.882290 0.906140 0.868260
2 0.625120 0.873210 0.625670 0.888070 0.693380 0.886420 0.692000 0.871150
2 0.415110 0.877550 0.414560 0.893240 0.481160 0.892000 0.480610 0.876310
1 0.268910 0.768760 0.267810 0.784240 0.306900 0.783410 0.308270 0.767720
1 0.387820 0.765450 0.426350 0.764420 0.426080 0.781350 0.387540 0.781970
1 0.533420 0.763180 0.571130 0.762360 0.571960 0.778050 0.533700 0.778670
1 0.023120 0.790850 0.061930 0.790020 0.060280 0.805090 0.020920 0.805910
1 0.074040 0.790020 0.112850 0.788780 0.111200 0.804060 0.072110 0.804880
1 0.161020 0.787340 0.200100 0.786100 0.198450 0.803020 0.157990 0.804060
2 0.273040 0.880850 0.340480 0.878990 0.339650 0.894680 0.271940 0.895710
2 0.095230 0.884980 0.163220 0.882500 0.161290 0.898600 0.093030 0.900250
3 0.019820 0.885600 0.017070 0.901700 0.000280 0.901490 0.000000 0.885800
1 0.245330 0.484370 0.287610 0.483590 0.286830 0.499440 0.244030 0.499440
1 0.033670 0.504530 0.075690 0.504340 0.073860 0.519990 0.032100 0.519990
3 0.111960 0.503940 0.143020 0.503940 0.139630 0.510010 0.138060 0.518620 0.109620 0.519410
1 0.253160 0.575590 0.294400 0.574800 0.292310 0.589870 0.251070 0.591250
1 0.314750 0.574020 0.354950 0.573040 0.355210 0.588700 0.313970 0.590070
1 0.430890 0.482410 0.471090 0.481630 0.472390 0.497480 0.430630 0.497880
1 0.507890 0.481820 0.548340 0.480850 0.549650 0.496110 0.509190 0.496700
1 0.577050 0.480450 0.633950 0.480450 0.634990 0.495330 0.578090 0.496110
1 0.295050 0.483590 0.336270 0.483230 0.336750 0.498690 0.294570 0.498870
1 0.366570 0.483590 0.406580 0.483230 0.407060 0.497780 0.365850 0.498500
