1 0.150056 0.215701 0.149352 0.236940 0.208761 0.238337 0.209686 0.216468
2 0.259132 0.218082 0.259905 0.239284 0.362143 0.240619 0.362026 0.219505
2 0.505768 0.220551 0.504271 0.242306 0.607654 0.243227 0.607806 0.220954
2 0.643602 0.435412 0.643822 0.454809 0.739585 0.456085 0.738895 0.435544
2 0.770759 0.436278 0.772525 0.455968 0.869863 0.456610 0.868987 0.436505
1 0.681819 0.221798 0.681408 0.243275 0.738328 0.245116 0.739767 0.222307
1 0.779074 0.222983 0.779411 0.245292 0.835181 0.246132 0.836116 0.223397
1 0.860736 0.224028 0.859269 0.246947 0.915274 0.247856 0.916336 0.225073
1 0.928763 0.225496 0.926572 0.248157 0.982015 0.249152 0.986099 0.226761
1 0.089392 0.215048 0.087073 0.235712 0.145507 0.237033 0.146784 0.215323
1 0.109477 0.428593 0.107545 0.447678 0.162352 0.448258 0.164670 0.428908
1 0.170329 0.428857 0.168549 0.449127 0.222299 0.449013 0.224617 0.429954
2 0.249238 0.430709 0.248338 0.449949 0.345181 0.451053 0.345500 0.431854
2 0.450540 0.433292 0.449450 0.452832 0.542831 0.453822 0.543746 0.434187
2 0.804285 0.599665 0.806125 0.618698 0.896667 0.619767 0.894518 0.600973
2 0.585044 0.596916 0.585219 0.615098 0.676108 0.616449 0.674501 0.597581
2 0.368398 0.594501 0.367649 0.613410 0.457250 0.613867 0.457738 0.594342
2 0.152189 0.592482 0.148511 0.612928 0.241295 0.612348 0.243579 0.592937
2 0.164602 0.723229 0.162738 0.739996 0.249326 0.740928 0.250299 0.722359
2 0.268326 0.722611 0.267036 0.740822 0.354587 0.740840 0.355981 0.727234 0.294764 0.727973 0.294308 0.722546
1 0.439086 0.722044 0.438079 0.740638 0.486889 0.741280 0.487429 0.721755
2 0.586672 0.723519 0.587313 0.742692 0.673515 0.742842 0.673329 0.724714
2 0.772139 0.725144 0.772408 0.744695 0.858175 0.744361 0.857616 0.725470
2 0.032989 0.926106 0.033072 0.938879 0.113561 0.939836 0.113375 0.923990
2 0.214386 0.923971 0.212323 0.941273 0.293314 0.941978 0.294398 0.924902
2 0.406800 0.926107 0.405752 0.943489 0.485316 0.944202 0.485813 0.926748
2 0.664243 0.929237 0.664422 0.946381 0.743689 0.946941 0.743151 0.929129
2 0.925672 0.930173 0.926308 0.946094 1.000000 0.947257 1.000000 0.929998
2 0.925633 0.807155 0.927405 0.825670 0.999999 0.825405 0.999764 0.807101
3 0.967748 0.705731 1.000000 0.705538 1.000000 0.724696 0.970586 0.724502
