0 0.017914 0.120904 0.016158 0.145404 0.049176 0.145404 0.049878 0.120904
0 0.084301 0.120640 0.084301 0.145140 0.116266 0.145930 0.116617 0.120904
0 0.194947 0.120113 0.193191 0.145667 0.226209 0.146194 0.227614 0.120640
0 0.245176 0.120904 0.244123 0.145404 0.277492 0.145140 0.277843 0.121430
0 0.305944 0.121167 0.304890 0.145930 0.338962 0.145930 0.338610 0.120377
1 0.404998 0.121430 0.404646 0.145667 0.470682 0.145667 0.472087 0.121167
1 0.473492 0.121694 0.472790 0.145404 0.540582 0.145140 0.540231 0.120640
0 0.590812 0.120377 0.590109 0.145404 0.623830 0.145404 0.624884 0.120640
1 0.648769 0.120377 0.647715 0.145667 0.716210 0.145404 0.716561 0.120640
0 0.778031 0.119850 0.776977 0.145140 0.811400 0.145140 0.811400 0.120377
0 0.821913 0.120640 0.821211 0.145404 0.854931 0.145404 0.855634 0.120904
0 0.859147 0.120640 0.859147 0.146194 0.894272 0.145667 0.892867 0.120113
0 0.925183 0.120640 0.924129 0.146721 0.959254 0.147511 0.958552 0.121167
0 0.916401 0.289770 0.916401 0.313743 0.948014 0.312952 0.948014 0.289770
0 0.841584 0.289506 0.841233 0.312952 0.873899 0.313216 0.873899 0.289506
0 0.793111 0.288979 0.792408 0.312689 0.824372 0.312952 0.824021 0.288716
0 0.739017 0.289243 0.737612 0.312689 0.769576 0.312689 0.769576 0.288716
0 0.691598 0.288979 0.689841 0.312162 0.721806 0.312952 0.722508 0.288979
0 0.646286 0.288979 0.645232 0.312952 0.676845 0.312952 0.677899 0.289770
0 0.566199 0.289506 0.565848 0.313479 0.596759 0.313216 0.598164 0.289770
0 0.484357 0.288716 0.483303 0.312952 0.515267 0.313216 0.515970 0.289506
0 0.442206 0.288979 0.442557 0.312426 0.474170 0.312952 0.473117 0.288716
0 0.400758 0.287662 0.400758 0.311635 0.431669 0.312689 0.430615 0.287135
0 0.352636 0.286872 0.352285 0.311372 0.383195 0.311635 0.383547 0.287662
0 0.288708 0.286345 0.288356 0.310845 0.319618 0.310845 0.319969 0.287135
0 0.182277 0.285818 0.181575 0.309791 0.212836 0.309264 0.212134 0.285555
1 0.106782 0.286345 0.106079 0.309528 0.167900 0.309264 0.167549 0.286345
0 0.071656 0.286608 0.070251 0.308737 0.101513 0.308737 0.102215 0.285818
0 0.052688 0.286872 0.052337 0.309528 0.026695 0.308211 0.022129 0.300834 0.022832 0.286608
1 0.065685 0.429394 0.063577 0.450206 0.122237 0.450732 0.123291 0.429657
1 0.124696 0.430184 0.123642 0.450732 0.181248 0.450996 0.180897 0.431765
0 0.183355 0.431238 0.183004 0.451259 0.206179 0.452149 0.212578 0.449890 0.212158 0.430974
0 0.263090 0.430974 0.262037 0.452577 0.290840 0.453367 0.291893 0.431501
0 0.294703 0.431238 0.293298 0.452840 0.322101 0.453630 0.323155 0.431501
0 0.409213 0.432292 0.407808 0.453367 0.437223 0.453103 0.438146 0.432347
0 0.441528 0.432818 0.439216 0.453410 0.466541 0.453091 0.467374 0.432984
0 0.469277 0.433872 0.468224 0.452313 0.497729 0.452577 0.497378 0.433082
0 0.506510 0.432818 0.505808 0.452577 0.534962 0.453367 0.534611 0.433345
0 0.555686 0.433082 0.554984 0.452840 0.584489 0.453367 0.584840 0.433345
0 0.592217 0.433082 0.593050 0.452993 0.620873 0.453465 0.620317 0.433872
0 0.625235 0.433345 0.625586 0.452840 0.655296 0.453257 0.652984 0.432818
0 0.678952 0.433872 0.681060 0.453103 0.710565 0.453630 0.709512 0.433872
0 0.720752 0.433872 0.722508 0.454255 0.752994 0.454255 0.750257 0.434926
0 0.783496 0.434981 0.786363 0.454782 0.816089 0.455517 0.814186 0.434662
0 0.864415 0.435189 0.868279 0.455738 0.898487 0.456001 0.894975 0.435189
0 0.873197 0.539512 0.872143 0.560949 0.901428 0.561213 0.901297 0.540566
1 0.797677 0.539249 0.796272 0.560061 0.853878 0.560324 0.853878 0.540039
0 0.719347 0.539249 0.718644 0.559534 0.747578 0.559479 0.748060 0.538195
0 0.661741 0.538195 0.661741 0.558480 0.690046 0.558425 0.689899 0.537417
0 0.600974 0.537932 0.602028 0.557953 0.629425 0.558480 0.628723 0.537141
0 0.560931 0.537405 0.559174 0.556899 0.587626 0.557426 0.587626 0.537405
0 0.510350 0.537141 0.509999 0.555846 0.536694 0.556899 0.537396 0.536878
1 0.433425 0.536351 0.432020 0.555846 0.485762 0.556373 0.485762 0.536088
1 0.364579 0.535561 0.362822 0.555582 0.417618 0.555582 0.417970 0.536088
1 0.278521 0.535824 0.277819 0.554528 0.331209 0.555582 0.332263 0.535297
1 0.209324 0.535561 0.208270 0.555846 0.262715 0.554792 0.262715 0.535297
0 0.136965 0.534770 0.135560 0.555055 0.162607 0.555319 0.164714 0.534770
0 0.088868 0.534770 0.086058 0.554002 0.114158 0.555319 0.116617 0.534770
0 0.133828 0.646470 0.132701 0.665744 0.159250 0.666173 0.159176 0.646843
0 0.169803 0.646371 0.168954 0.665964 0.195707 0.666479 0.196466 0.646733
0 0.125807 0.645526 0.126730 0.664953 0.111425 0.665314 0.109116 0.659517 0.105377 0.646206
1 0.225155 0.646733 0.224452 0.666228 0.276087 0.666491 0.276438 0.646996
1 0.292596 0.647523 0.292632 0.666615 0.344582 0.666808 0.345284 0.646996
1 0.355822 0.647787 0.355306 0.666975 0.407399 0.667212 0.407915 0.647717
1 0.413076 0.648050 0.414130 0.667281 0.465765 0.667545 0.465414 0.648577
1 0.471034 0.648841 0.470682 0.667281 0.522998 0.668513 0.523019 0.649367
1 0.526181 0.649894 0.525851 0.668679 0.578167 0.669389 0.577815 0.649894
1 0.582382 0.650421 0.581679 0.669663 0.633665 0.670970 0.633665 0.651475
1 0.639285 0.651738 0.638991 0.671066 0.691787 0.672814 0.691973 0.652792
1 0.701784 0.653319 0.702135 0.672814 0.755598 0.673868 0.755526 0.654109
0 0.761555 0.654539 0.760795 0.673868 0.787562 0.674615 0.788637 0.654857
1 0.792408 0.655427 0.791003 0.674394 0.844616 0.675669 0.844745 0.656217
1 0.852623 0.656453 0.851921 0.675432 0.905419 0.675948 0.905770 0.656980
1 0.850014 0.777927 0.848960 0.795314 0.899190 0.796631 0.900595 0.778717
1 0.775548 0.776873 0.775548 0.793997 0.824372 0.793997 0.824723 0.777400
1 0.724967 0.775819 0.724616 0.793207 0.773089 0.793997 0.773791 0.776610
2 0.620293 0.774239 0.620293 0.791362 0.709160 0.793470 0.708107 0.775029
1 0.570063 0.772658 0.569009 0.790572 0.617483 0.791889 0.618537 0.772658
1 0.519482 0.772658 0.519834 0.789782 0.567604 0.790836 0.568307 0.772395
1 0.463984 0.771077 0.463984 0.788465 0.510701 0.789518 0.509999 0.771604
1 0.414106 0.771077 0.414808 0.787938 0.462579 0.788991 0.461877 0.771077
1 0.363876 0.770814 0.362471 0.786357 0.410242 0.787674 0.411647 0.771604
1 0.310485 0.770814 0.309080 0.787147 0.359661 0.787411 0.359310 0.770551
1 0.243747 0.768706 0.244098 0.787411 0.291166 0.786621 0.291518 0.768970
1 0.189302 0.767653 0.188249 0.785303 0.235668 0.785040 0.236371 0.768706
1 0.138019 0.767653 0.136614 0.784513 0.185438 0.785303 0.186492 0.767389
1 0.039955 0.923338 0.037628 0.941549 0.086760 0.942306 0.087463 0.924129
1 0.140151 0.926500 0.138614 0.944118 0.185683 0.945599 0.186956 0.927685
1 0.197493 0.928344 0.196264 0.945336 0.244298 0.946225 0.245176 0.929661
1 0.271521 0.929925 0.270115 0.947312 0.318940 0.948629 0.319730 0.931011
1 0.332595 0.930484 0.331234 0.949419 0.381156 0.949716 0.381771 0.930616
1 0.439421 0.931769 0.438016 0.950473 0.486533 0.951395 0.487191 0.932822
1 0.511077 0.934403 0.510726 0.952317 0.558848 0.953371 0.559199 0.934930
1 0.572195 0.934403 0.571844 0.953371 0.622425 0.954425 0.622425 0.934930
1 0.639963 0.935457 0.639963 0.953634 0.690193 0.955478 0.690895 0.935984
1 0.695461 0.935984 0.695813 0.954688 0.745691 0.956269 0.744637 0.936511
1 0.757634 0.938618 0.759037 0.956660 0.808566 0.957322 0.807337 0.938872
3 0.952401 0.288990 0.950570 0.314081 0.972261 0.313831 0.980011 0.307813 0.992677 0.303178 0.999390 0.297228 0.998780 0.287617
3 0.025209 0.923432 0.023328 0.941210 0.000376 0.940928 0.000000 0.922867
2 0.053804 0.784312 0.053804 0.802654 0.000000 0.800961 0.000000 0.782901
3 0.965835 0.939289 0.965557 0.956372 1.000000 0.956580 1.000000 0.939289
3 0.965002 0.779333 0.967502 0.799748 1.000000 0.799540 0.999722 0.779958
