2 0.039693 0.293178 0.044226 0.336495 0.157465 0.339231 0.153876 0.294829
2 0.202613 0.295630 0.205840 0.339261 0.320692 0.343251 0.317185 0.299849
2 0.399454 0.303410 0.399707 0.346728 0.516151 0.349892 0.516652 0.306942
2 0.585778 0.306972 0.584219 0.350802 0.703424 0.353309 0.707844 0.307852
2 0.785589 0.310021 0.782068 0.353026 0.902710 0.356702 0.908794 0.311305
2 0.856789 0.543465 0.854267 0.584246 0.959406 0.586723 0.963126 0.547280
2 0.865426 0.736605 0.862583 0.768954 0.956220 0.774336 0.959940 0.742414
2 0.397872 0.715687 0.398772 0.750285 0.490465 0.753846 0.489466 0.719134
2 0.460854 0.870645 0.460158 0.903194 0.544140 0.904806 0.545170 0.874631
2 0.161230 0.860343 0.161020 0.889634 0.243701 0.893417 0.243703 0.864330
2 0.089993 0.523886 0.089433 0.561984 0.187906 0.564039 0.187201 0.525760
2 0.188294 0.526079 0.189063 0.562641 0.274021 0.565377 0.275580 0.528556
2 0.414437 0.531919 0.414329 0.570536 0.517104 0.573670 0.518017 0.534456
2 0.687179 0.540326 0.685598 0.578002 0.793598 0.581679 0.795437 0.544912
1 0.132416 0.708962 0.132886 0.744385 0.185727 0.744186 0.183056 0.711071
1 0.248227 0.714090 0.249379 0.748260 0.300358 0.749116 0.299418 0.714801
1 0.551703 0.729650 0.551233 0.754901 0.603301 0.758577 0.603622 0.731133
1 0.704513 0.737744 0.702334 0.763507 0.757327 0.766869 0.759957 0.738997
2 0.950701 0.890963 0.947170 0.918163 0.999377 0.919571 0.999469 0.893623
3 0.954751 0.310871 0.949530 0.355733 0.999420 0.358827 1.000000 0.311645
3 0.024097 0.853721 0.025882 0.882875 0.000446 0.881090 0.000000 0.853721
