1 0.189710 0.755030 0.188630 0.773310 0.195770 0.773510 0.210780 0.773110 0.235950 0.772950 0.235680 0.754050 0.211020 0.754550
1 0.670910 0.402690 0.654250 0.402970 0.620920 0.403130 0.621380 0.407740 0.622040 0.420230 0.673300 0.420400 0.672500 0.415790
1 0.754160 0.401560 0.732730 0.402290 0.704630 0.402360 0.704950 0.419820 0.755110 0.419880 0.754270 0.410380
1 0.902660 0.400390 0.903720 0.412870 0.904080 0.418650 0.953140 0.419180 0.951900 0.408310 0.951210 0.400190 0.927640 0.400240
3 0.999770 0.738620 0.958450 0.739500 0.961610 0.755780 0.962650 0.757350 0.999770 0.756830
1 0.620790 0.842200 0.622740 0.860390 0.667580 0.858940 0.665670 0.841120 0.631230 0.841930
3 0.965580 0.640030 0.967080 0.650180 0.967830 0.657390 1.000000 0.657180 1.000000 0.639500 0.978880 0.639360 0.971600 0.639580
3 0.000000 0.634020 0.000280 0.652120 0.011060 0.652330 0.019460 0.652360 0.020410 0.645480 0.021520 0.634180 0.008820 0.634080
2 0.144720 0.277410 0.145240 0.296180 0.242130 0.296770 0.242530 0.291320 0.242360 0.286470 0.242360 0.277280 0.176550 0.277620
2 0.272960 0.278280 0.272690 0.297480 0.368200 0.297690 0.367920 0.279110
2 0.418840 0.278700 0.512420 0.278900 0.513530 0.298510 0.419670 0.298310
2 0.708240 0.277660 0.801000 0.277660 0.802100 0.297280 0.709890 0.297690
2 0.845040 0.278280 0.845860 0.297070 0.936970 0.297070 0.935870 0.277460
1 0.800720 0.401730 0.849720 0.400490 0.853020 0.418860 0.802930 0.419480
1 0.522180 0.403380 0.522730 0.421340 0.572550 0.420930 0.571170 0.402760
1 0.435750 0.403590 0.485020 0.403180 0.485840 0.421550 0.435470 0.421140
1 0.159960 0.402760 0.158030 0.419900 0.210050 0.420720 0.212250 0.402350
1 0.306940 0.403790 0.357030 0.403590 0.357310 0.420720 0.306660 0.421340
1 0.071290 0.306560 0.075140 0.327410 0.097990 0.331130 0.093580 0.310070
1 0.175060 0.542520 0.225700 0.542310 0.224320 0.559450 0.173950 0.560680
1 0.229830 0.542100 0.279920 0.541490 0.279370 0.559650 0.229550 0.560060
1 0.292030 0.541070 0.340750 0.540040 0.340750 0.558620 0.291210 0.559240
1 0.453330 0.539420 0.500390 0.538800 0.501490 0.556560 0.453330 0.556760
1 0.645450 0.537560 0.693620 0.536940 0.694990 0.554700 0.646820 0.555320
1 0.828250 0.536120 0.831280 0.553460 0.879720 0.552840 0.875860 0.534470
1 0.186060 0.652340 0.231760 0.650690 0.230380 0.669890 0.185510 0.671130
1 0.240010 0.650900 0.238640 0.669270 0.287630 0.668440 0.287910 0.649450
1 0.317910 0.648420 0.317080 0.667200 0.364700 0.666790 0.365800 0.647800
1 0.383180 0.647800 0.382350 0.665960 0.429420 0.665350 0.429970 0.646970
1 0.438780 0.646770 0.443730 0.646350 0.443730 0.649240 0.485290 0.649240 0.485840 0.664520 0.438780 0.664520
1 0.508960 0.645320 0.508960 0.648210 0.505660 0.649040 0.505940 0.663490 0.552730 0.663490 0.551630 0.645320
1 0.584660 0.646150 0.586030 0.663070 0.632550 0.661840 0.630620 0.644700
1 0.644380 0.643880 0.690080 0.643670 0.692550 0.662460 0.646040 0.662460
1 0.716220 0.643670 0.762740 0.643460 0.765220 0.661220 0.718980 0.661420
1 0.834300 0.643260 0.836780 0.660180 0.883300 0.660390 0.879990 0.642840
1 0.381800 0.750400 0.427490 0.748540 0.428320 0.768150 0.382080 0.769590
1 0.548320 0.746270 0.592910 0.745240 0.594840 0.764230 0.549700 0.765470
1 0.634750 0.745440 0.680440 0.744410 0.682370 0.762780 0.636950 0.763400
1 0.734110 0.743580 0.779250 0.743380 0.780910 0.761340 0.736590 0.762160
1 0.832380 0.742340 0.876140 0.740900 0.878620 0.758860 0.834300 0.760300
1 0.691730 0.840400 0.735490 0.838750 0.737690 0.856710 0.693930 0.858150
1 0.768790 0.838130 0.812830 0.836890 0.815310 0.855060 0.771820 0.855680
1 0.835950 0.835650 0.879440 0.834620 0.881920 0.852990 0.838430 0.854030
1 0.920450 0.834830 0.961190 0.832970 0.964770 0.850930 0.922380 0.853410
3 0.962290 0.834210 0.999720 0.832970 0.999720 0.850720 0.965320 0.852170
2 0.007430 0.966560 0.088350 0.963250 0.087250 0.979980 0.007430 0.982870
2 0.222120 0.960780 0.301390 0.958300 0.300840 0.973780 0.222120 0.975020
2 0.012110 0.855910 0.010460 0.874280 0.093310 0.873660 0.094680 0.853640
2 0.370480 0.956030 0.448650 0.953550 0.448650 0.969860 0.370750 0.972130
2 0.477270 0.953760 0.555720 0.950660 0.555720 0.966760 0.477270 0.969040
2 0.662240 0.948600 0.663890 0.963460 0.740680 0.959950 0.739860 0.943230
2 0.938070 0.937660 0.940000 0.956440 0.999450 0.953760 0.999450 0.935180
1 0.515850 0.844560 0.559610 0.842900 0.560990 0.861280 0.516120 0.863550
1 0.418410 0.846830 0.462720 0.844970 0.463000 0.863960 0.418130 0.865410
1 0.205880 0.851160 0.209740 0.851160 0.211110 0.853850 0.217720 0.853850 0.230930 0.851570 0.251020 0.850340 0.250750 0.869330 0.204230 0.870570
1 0.307450 0.849510 0.350940 0.848270 0.350940 0.866850 0.306070 0.868090
3 0.025050 0.737000 0.022570 0.755790 0.000280 0.757030 0.000280 0.738040
3 0.041010 0.381940 0.054220 0.382350 0.053670 0.398040 0.039080 0.398870
3 0.985960 0.513440 0.999720 0.512820 0.999450 0.530980 0.989270 0.531190
