3 0.122713 0.169999 0.122713 0.192750 0.240157 0.192837 0.239772 0.169128
2 0.146748 0.373883 0.146671 0.394880 0.252474 0.393182 0.249386 0.371510
2 0.000000 0.375489 0.000413 0.399570 0.070927 0.397311 0.068512 0.374136
2 0.169544 0.648324 0.170043 0.667234 0.261750 0.661207 0.261284 0.641772
2 0.181073 0.747342 0.181149 0.758787 0.265454 0.754234 0.264430 0.736942
1 0.414863 0.855855 0.413884 0.870889 0.465731 0.867781 0.466449 0.852690
1 0.500698 0.851532 0.500055 0.864811 0.551076 0.861761 0.551642 0.848367
1 0.515681 0.806856 0.516935 0.820502 0.568888 0.817337 0.569683 0.803887
1 0.409328 0.812590 0.409894 0.827486 0.463024 0.824206 0.463514 0.809517
1 0.406055 0.764407 0.406870 0.781316 0.461121 0.777432 0.460162 0.760638
1 0.521170 0.757100 0.521141 0.774325 0.574453 0.770256 0.574558 0.754328
1 0.506292 0.708138 0.507225 0.725850 0.561257 0.723482 0.561684 0.705284
1 0.405108 0.713687 0.406791 0.730162 0.461174 0.727447 0.461174 0.709446
1 0.398183 0.659963 0.399479 0.678516 0.456465 0.676017 0.456161 0.656578
1 0.510726 0.571885 0.509977 0.591257 0.569306 0.589155 0.569483 0.569223
1 0.392143 0.577401 0.394331 0.596265 0.454248 0.592572 0.451909 0.573078
1 0.492365 0.511637 0.493085 0.531704 0.552804 0.529331 0.553218 0.508418
1 0.379177 0.516614 0.381257 0.536142 0.443851 0.534135 0.442249 0.513873
1 0.494108 0.443177 0.493068 0.465620 0.555097 0.464431 0.557024 0.441505
1 0.372893 0.447124 0.374777 0.470415 0.438039 0.468577 0.436984 0.445461
1 0.494658 0.372473 0.494705 0.396954 0.560361 0.395362 0.561245 0.370489
1 0.371946 0.374812 0.373295 0.399685 0.440715 0.398506 0.440393 0.372931
1 0.366686 0.294581 0.368399 0.322616 0.439358 0.321755 0.438270 0.293625
1 0.483589 0.206166 0.483437 0.236383 0.554730 0.235419 0.555145 0.205686
1 0.351199 0.223172 0.352760 0.237068 0.424679 0.235984 0.422767 0.205648 0.394848 0.206418 0.396461 0.218184
2 0.092775 0.168862 0.092209 0.193470 0.000000 0.192197 0.000566 0.170134
3 0.307748 0.211048 0.325586 0.207879 0.326994 0.233228 0.314320 0.234284
3 0.027226 0.548868 0.028635 0.568936 0.000469 0.569640 0.000000 0.549220
