2 0.086135 0.288480 0.083836 0.307426 0.163880 0.303796 0.164108 0.285073
2 0.344900 0.275504 0.341983 0.294438 0.431855 0.290597 0.431129 0.271622
2 0.644078 0.257455 0.642975 0.279779 0.747959 0.274173 0.747233 0.252031
2 0.457586 0.418065 0.456147 0.437263 0.544620 0.435821 0.544581 0.416200
2 0.232753 0.423570 0.230696 0.442052 0.313375 0.440640 0.316682 0.420797
2 0.475130 0.551471 0.473410 0.570164 0.559530 0.570528 0.557958 0.552086
2 0.140340 0.551259 0.137517 0.568259 0.213596 0.568370 0.214887 0.550826
2 0.106166 0.427270 0.102334 0.443191 0.180807 0.441759 0.184005 0.425505
2 0.754035 0.411743 0.755661 0.431556 0.858050 0.427311 0.859919 0.407609
2 0.930050 0.404735 0.931691 0.424649 0.998171 0.420878 1.000000 0.402466
2 0.926008 0.555605 0.927298 0.574621 0.998068 0.575711 0.998928 0.555838
1 0.755137 0.251345 0.754035 0.273668 0.812743 0.270977 0.814666 0.249691
2 0.941723 0.238913 0.943404 0.258786 0.999868 0.257133 0.994356 0.234809 0.960088 0.237512
2 0.152224 0.668426 0.150746 0.684810 0.221985 0.687765 0.222697 0.668779
2 0.407346 0.675252 0.405774 0.693482 0.486006 0.696930 0.487163 0.678207
2 0.899189 0.840933 0.899244 0.859768 0.992715 0.865314 0.990391 0.845178
2 0.526028 0.817420 0.525074 0.836506 0.608722 0.841185 0.606315 0.820586
2 0.242526 0.800743 0.239219 0.818106 0.310726 0.822644 0.313039 0.805129
2 0.171246 0.794985 0.166461 0.813871 0.237231 0.817501 0.240484 0.800057
2 0.037872 0.738411 0.034174 0.753616 0.100693 0.756348 0.100318 0.739560
2 0.090274 0.825524 0.089141 0.841285 0.148150 0.845138 0.148259 0.829117
2 0.189893 0.912290 0.186734 0.926738 0.256185 0.933352 0.259116 0.918259
2 0.270422 0.919015 0.268983 0.933857 0.340263 0.940905 0.343180 0.924873
2 0.360482 0.926638 0.360482 0.943174 0.434732 0.949273 0.433145 0.932062
2 0.469242 0.937204 0.467320 0.952914 0.542658 0.960103 0.544823 0.942558
2 0.596003 0.948668 0.596541 0.963803 0.677797 0.972727 0.676452 0.953740
2 0.735294 0.957834 0.735294 0.974369 0.823609 0.983868 0.821295 0.966405
2 0.899051 0.970488 0.899832 0.988607 0.991469 0.998791 0.990391 0.978162
2 0.781353 0.833533 0.781407 0.852145 0.872529 0.858982 0.871857 0.837526
2 0.914989 0.694813 0.914989 0.713217 0.999025 0.714226 0.998353 0.696830
