2 0.964615 0.687500 0.961815 0.685220 0.905565 0.687850 0.902995 0.689430 0.902995 0.697480 0.905095 0.700980 0.962745 0.697650 0.965555 0.695380
2 0.253370 0.324930 0.253980 0.340810 0.336710 0.342430 0.335630 0.326330
2 0.568110 0.329820 0.568830 0.345650 0.642880 0.346280 0.641860 0.330700
2 0.760190 0.331690 0.761700 0.346730 0.831980 0.347290 0.829730 0.332450
2 0.938740 0.332630 0.939990 0.346540 0.999870 0.345790 0.999870 0.332450
2 0.926080 0.424150 0.929590 0.438620 0.993740 0.438250 0.989980 0.423780
2 0.638940 0.446230 0.639940 0.461270 0.711100 0.460420 0.709470 0.445200
2 0.422200 0.447920 0.423330 0.463620 0.498500 0.463240 0.496990 0.447550
2 0.259840 0.449990 0.260210 0.465590 0.340520 0.464740 0.340020 0.449050
3 0.201580 0.362140 0.210350 0.362510 0.212850 0.380180 0.204840 0.379990
2 0.055630 0.450650 0.055630 0.467560 0.143570 0.466620 0.143070 0.450080
2 0.084940 0.574110 0.084190 0.590740 0.165000 0.588020 0.163240 0.585670 0.165750 0.571860
2 0.288770 0.568190 0.289030 0.583510 0.367330 0.581350 0.366700 0.565660
2 0.460290 0.562650 0.461540 0.578340 0.533200 0.575620 0.531570 0.560870
2 0.690930 0.557950 0.693310 0.571580 0.761210 0.569790 0.758080 0.556540
2 0.933600 0.602400 0.937730 0.616580 0.998870 0.614140 0.994740 0.599860
2 0.640190 0.665260 0.707340 0.662530 0.710350 0.677280 0.642950 0.680100
2 0.487850 0.671270 0.557630 0.668070 0.559630 0.683390 0.489350 0.686680
2 0.266730 0.683300 0.266480 0.699650 0.344020 0.695610 0.343520 0.678970
3 0.020800 0.702560 0.021170 0.713360 0.000130 0.714680 0.000250 0.703780
2 0.000000 0.830530 0.057750 0.826210 0.056630 0.843690 0.000250 0.848100
2 0.284010 0.808920 0.284260 0.825180 0.358560 0.820290 0.357930 0.803940
2 0.371080 0.808360 0.371460 0.818980 0.443500 0.814090 0.443000 0.805350 0.411170 0.806570
2 0.483710 0.795300 0.484590 0.811270 0.553750 0.806480 0.552490 0.790790
2 0.628790 0.785430 0.630040 0.800370 0.695190 0.795670 0.693430 0.781300
2 0.723880 0.779140 0.725380 0.793700 0.788770 0.789470 0.787520 0.774910
2 0.893260 0.782240 0.895390 0.796520 0.954900 0.792290 0.952520 0.777820
2 0.956280 0.778010 0.958280 0.791730 1.000000 0.788820 0.999870 0.774720
2 0.907290 0.896870 0.910550 0.912280 0.969930 0.906170 0.966800 0.891330
3 0.985090 0.890580 0.988100 0.904760 1.000000 0.902980 1.000000 0.888880
2 0.721500 0.914820 0.723880 0.931450 0.788900 0.924870 0.785770 0.908800
2 0.570780 0.928910 0.573670 0.945820 0.642070 0.939150 0.638940 0.922800
2 0.273490 0.956630 0.273490 0.973830 0.350540 0.966680 0.349910 0.949580
2 0.016040 0.982240 0.014660 1.000000 0.098220 0.992110 0.098850 0.974160
2 0.918950 0.515500 0.922820 0.529910 0.984940 0.528090 0.979920 0.513780
