1 0.761887 0.141367 0.758769 0.185995 0.871937 0.184587 0.875857 0.139886
1 0.900118 0.140099 0.895729 0.184514 1.000000 0.182747 1.000000 0.138405
2 0.808124 0.420258 0.804691 0.452791 0.900893 0.452793 0.907077 0.421179
2 0.486741 0.632912 0.487084 0.660854 0.566109 0.662692 0.566795 0.634739
2 0.590544 0.637488 0.590200 0.663605 0.671287 0.665894 0.673004 0.639325
2 0.145772 0.415215 0.146115 0.449123 0.236133 0.450038 0.235104 0.415668
2 0.234454 0.415217 0.236172 0.449119 0.327907 0.450954 0.325848 0.417965
1 0.121204 0.152858 0.124372 0.194244 0.182222 0.192696 0.179477 0.150958
1 0.225481 0.152154 0.230612 0.193892 0.287560 0.191428 0.283809 0.147638
1 0.363393 0.148421 0.363655 0.191559 0.422723 0.191495 0.421402 0.149404
1 0.325851 0.419342 0.328597 0.451413 0.378093 0.446379 0.376031 0.414761
1 0.431303 0.418882 0.431649 0.452333 0.481551 0.452794 0.479490 0.419341
2 0.202113 0.631990 0.205545 0.658109 0.281083 0.656730 0.279711 0.631988
1 0.380915 0.419406 0.430002 0.419406 0.431031 0.451901 0.381945 0.452359
