1 0.283150 0.347340 0.283850 0.361340 0.286180 0.362570 0.324930 0.362390 0.327960 0.361170 0.327630 0.345410 0.286180 0.345760
1 0.385850 0.346290 0.385780 0.361360 0.427640 0.360990 0.428570 0.359940 0.427640 0.345590 0.388420 0.345060
3 0.038390 0.510760 0.000000 0.511910 0.000000 0.528190 0.037390 0.527310 0.037700 0.521900
3 0.969570 0.331040 0.970160 0.334380 0.971260 0.340010 0.971760 0.347020 0.999770 0.346110 0.999770 0.329830
3 0.036880 0.607490 0.027870 0.607470 0.014500 0.607940 0.000000 0.607820 0.000000 0.624000 0.034680 0.623730 0.035920 0.618520
1 0.187200 0.349620 0.230660 0.348080 0.230920 0.363420 0.187200 0.363620
1 0.445170 0.344820 0.486850 0.343100 0.488640 0.359590 0.445690 0.360160
1 0.523920 0.342520 0.564320 0.341760 0.566370 0.357290 0.524180 0.358440
1 0.601390 0.341950 0.643840 0.339840 0.644860 0.356140 0.601900 0.356140
1 0.868060 0.356900 0.871390 0.353840 0.879570 0.359780 0.883660 0.374550 0.875730 0.383750 0.873430 0.375500 0.871390 0.368220 0.870620 0.361120
1 0.653810 0.339260 0.696510 0.337730 0.698560 0.354220 0.654580 0.355950
1 0.710830 0.337920 0.753530 0.336390 0.754810 0.352880 0.711080 0.354410
1 0.760940 0.337150 0.804660 0.335430 0.805430 0.352300 0.761960 0.353260
1 0.827420 0.335620 0.856820 0.334470 0.870880 0.335430 0.870880 0.350960 0.827670 0.351920
1 0.909230 0.332360 0.952700 0.331020 0.955510 0.346360 0.911790 0.347700
3 0.222950 0.488830 0.299910 0.484810 0.300420 0.499960 0.294280 0.500150 0.292490 0.502060 0.222950 0.503600
2 0.302720 0.486720 0.302470 0.501490 0.377890 0.500340 0.377890 0.484610
2 0.457150 0.483850 0.457150 0.498230 0.531300 0.496700 0.529760 0.481550
2 0.568630 0.481740 0.569900 0.495540 0.645070 0.494200 0.642770 0.479250
2 0.657090 0.479050 0.659140 0.493820 0.735070 0.493050 0.732770 0.477900
2 0.771940 0.476750 0.775260 0.492280 0.834580 0.488830 0.838160 0.475410
1 0.913330 0.474450 0.948860 0.473880 0.952440 0.488830 0.916140 0.489410
3 0.985430 0.473110 0.999490 0.472340 0.999740 0.487300 0.989010 0.486920
1 0.224480 0.638600 0.265140 0.636680 0.265140 0.652980 0.223970 0.654320
1 0.428260 0.632460 0.469170 0.631690 0.469420 0.647230 0.429030 0.648380
1 0.671710 0.628050 0.711600 0.627090 0.713900 0.643390 0.672730 0.643580
1 0.747650 0.626900 0.788300 0.626320 0.790860 0.642240 0.749440 0.642430
3 0.801590 0.626320 0.803640 0.641860 0.834580 0.641660 0.837900 0.625360
3 0.941710 0.623830 0.916140 0.624980 0.917930 0.631120 0.915880 0.634760 0.913840 0.633610 0.912560 0.634950 0.913840 0.641090 0.945540 0.640130
1 0.956280 0.624210 0.959860 0.639750 0.999740 0.638600 0.997190 0.624210 0.966760 0.625170 0.962160 0.624020
2 0.058290 0.716260 0.058810 0.730640 0.131160 0.729680 0.131420 0.713770
2 0.235220 0.780880 0.233690 0.797370 0.305280 0.796410 0.305280 0.779150
2 0.594750 0.772440 0.666340 0.772060 0.667110 0.788170 0.596030 0.788930
1 0.893130 0.767270 0.931480 0.765920 0.935310 0.782030 0.896710 0.782800
1 0.913330 0.924120 0.914350 0.938120 0.953980 0.937350 0.952190 0.922400
2 0.564330 0.932750 0.636680 0.930640 0.637450 0.946180 0.565350 0.947330
3 0.000000 0.946880 0.000000 0.962420 0.059320 0.962420 0.060080 0.946500
2 0.232150 0.939020 0.231640 0.954170 0.302720 0.954170 0.302470 0.938250
2 0.008470 0.819040 0.078010 0.818590 0.078610 0.833100 0.006650 0.834460
