2 0.096335 0.322951 0.093365 0.359781 0.198226 0.363220 0.201412 0.325128
2 0.420657 0.334001 0.417737 0.370551 0.519968 0.374202 0.520972 0.337228
2 0.744870 0.340629 0.744870 0.377391 0.848575 0.380830 0.847101 0.343192
2 0.264626 0.608476 0.258261 0.648041 0.362407 0.648918 0.364935 0.610788
2 0.532490 0.615595 0.529412 0.651163 0.629902 0.654496 0.626881 0.619699
2 0.846494 0.623418 0.851732 0.660074 0.951202 0.660565 0.945126 0.624053
2 0.098467 0.606684 0.091891 0.644602 0.195856 0.646847 0.199331 0.609208
2 0.117753 0.872222 0.113607 0.911081 0.213864 0.911081 0.216138 0.872630
2 0.533114 0.877676 0.532726 0.916609 0.630931 0.917145 0.630223 0.878711
1 0.856096 0.343365 0.855150 0.381389 0.879099 0.381971 0.912056 0.384231 0.912583 0.344560
