2 0.148310 0.375330 0.152890 0.388970 0.230080 0.391530 0.227430 0.376900
1 0.003750 0.358050 0.009040 0.373510 0.052900 0.374130 0.048610 0.358380
2 0.938980 0.927170 0.861780 0.928860 0.863980 0.949120 0.941130 0.946760
3 0.022760 0.510380 0.000000 0.510750 0.000000 0.523930 0.027840 0.523400
1 0.040790 0.913070 0.000000 0.927080 0.000000 0.941220 0.013450 0.935970 0.046840 0.925630
3 0.463510 0.385120 0.462960 0.398740 0.535350 0.400190 0.537280 0.387390
2 0.792190 0.395440 0.786410 0.407210 0.856600 0.408450 0.862930 0.396680
3 0.951010 0.399160 0.943850 0.410920 1.000000 0.412370 0.999720 0.399980
2 0.790260 0.534780 0.784210 0.541800 0.850820 0.542830 0.857700 0.535200
2 0.441810 0.529830 0.440700 0.539120 0.509520 0.540560 0.510340 0.531480
3 0.213040 0.526110 0.216890 0.535200 0.181940 0.534580 0.180560 0.526730 0.189370 0.526940 0.191020 0.525910
2 0.821640 0.711280 0.824390 0.725530 0.892380 0.725530 0.888800 0.710250
2 0.461620 0.895750 0.448960 0.901940 0.434650 0.905660 0.434650 0.916190 0.518600 0.915980 0.518050 0.894720
2 0.170100 0.902360 0.167620 0.923620 0.252950 0.921760 0.253500 0.918870 0.238360 0.914540 0.228180 0.906900 0.198450 0.904830
1 0.043490 0.639770 0.037980 0.646790 0.075970 0.646790 0.082570 0.640190
