2 0.090955 0.265549 0.090489 0.305338 0.197284 0.306587 0.196350 0.264296
2 0.342339 0.266780 0.342351 0.307834 0.450561 0.310942 0.449160 0.266791
2 0.603077 0.269905 0.602145 0.310335 0.714559 0.310323 0.715481 0.266174
2 0.875467 0.266170 0.874071 0.309072 0.987864 0.309697 0.988334 0.268027
2 0.808296 0.528606 0.806899 0.565299 0.902954 0.567779 0.904823 0.531082
2 0.600283 0.529236 0.599351 0.562812 0.694028 0.564054 0.695230 0.531211
2 0.668843 0.865672 0.666045 0.893657 0.757465 0.894899 0.756529 0.868773
2 0.929116 0.876234 0.926306 0.898013 0.994860 0.901117 0.993465 0.876236
2 0.421652 0.856341 0.420252 0.882463 0.498589 0.884947 0.498595 0.858198
2 0.238807 0.848883 0.239738 0.872507 0.318096 0.874383 0.317631 0.851359
2 0.102118 0.846396 0.085354 0.869403 0.153010 0.870647 0.151126 0.848866
2 0.148329 0.526124 0.148324 0.555977 0.238309 0.559076 0.237851 0.526128
1 0.440646 0.526383 0.439563 0.560934 0.490950 0.561807 0.490270 0.526097
2 0.257110 0.526275 0.257576 0.557459 0.351912 0.560028 0.351678 0.534458 0.283047 0.535102 0.281364 0.525459
3 0.957695 0.682561 0.957008 0.711952 1.000000 0.713082 1.000000 0.681431
