1 0.314730 0.548350 0.314660 0.542830 0.291550 0.543240 0.267260 0.543690 0.266180 0.560900 0.314730 0.559710 0.315000 0.556900
1 0.993520 0.287020 0.990430 0.286860 0.946710 0.287220 0.948880 0.294120 0.950160 0.300940 0.950730 0.303280 0.998140 0.302890 0.996030 0.294820
1 0.153180 0.546740 0.152330 0.556020 0.151490 0.564250 0.201080 0.562640 0.201950 0.560190 0.202850 0.547790 0.202610 0.545490 0.186220 0.545960 0.170600 0.546430
1 0.264850 0.649070 0.246600 0.649680 0.217670 0.650750 0.217280 0.661520 0.216960 0.669180 0.228520 0.669120 0.265040 0.667350
1 0.470640 0.544410 0.469730 0.538850 0.423810 0.539710 0.423920 0.544470 0.424400 0.553690 0.424390 0.556810 0.471350 0.555850 0.471070 0.552870
1 0.597240 0.645840 0.596470 0.639090 0.556250 0.639960 0.552670 0.640270 0.553690 0.655640 0.553640 0.657390 0.589260 0.656360 0.598460 0.656110 0.598040 0.650740
1 0.645480 0.734950 0.641870 0.734990 0.602260 0.736650 0.603820 0.748380 0.604430 0.754110 0.613130 0.753750 0.648080 0.752540 0.647110 0.744240
1 0.520850 0.642420 0.520980 0.640260 0.479650 0.641350 0.479630 0.644100 0.476120 0.644650 0.476670 0.659780 0.495100 0.659310 0.521470 0.658340 0.521480 0.654410
1 0.279310 0.415480 0.279310 0.424590 0.278940 0.427200 0.318590 0.426540 0.328840 0.426700 0.328970 0.423460 0.329220 0.415060 0.329120 0.409650 0.304520 0.409840 0.279530 0.409840
1 0.723340 0.640700 0.722760 0.635460 0.691860 0.635890 0.678560 0.636400 0.678950 0.639510 0.680820 0.654160 0.690280 0.653870 0.725360 0.653190
1 0.653420 0.534940 0.608300 0.536060 0.609410 0.545960 0.610010 0.552450 0.655760 0.551470 0.655380 0.548680
1 0.563310 0.740960 0.562840 0.737230 0.519270 0.738640 0.519420 0.745660 0.520640 0.757310 0.564570 0.755230
1 0.983170 0.404100 0.981930 0.400110 0.936430 0.400480 0.940050 0.417480 0.945930 0.417380 0.985760 0.415970 0.984930 0.411440
1 0.340100 0.646710 0.331070 0.646810 0.294080 0.647760 0.293240 0.665880 0.340670 0.664130 0.340800 0.658610
1 0.206070 0.548360 0.205920 0.552670 0.205620 0.562490 0.255090 0.561410 0.255520 0.551470 0.255230 0.543970 0.228440 0.544340 0.206690 0.544850
1 0.403360 0.650730 0.403320 0.644110 0.357680 0.646010 0.356910 0.663820 0.364230 0.663530 0.402840 0.661830 0.403210 0.658450
1 0.929870 0.509250 0.932440 0.521150 0.933240 0.525390 0.977550 0.524130 0.976490 0.518330 0.974560 0.509630 0.973800 0.507700 0.949130 0.508570 0.934190 0.509200
1 0.535080 0.408140 0.517670 0.408230 0.512540 0.408360 0.488070 0.408490 0.488110 0.411850 0.488550 0.423750 0.488680 0.425340 0.536460 0.424910 0.536660 0.423580
1 0.740660 0.731930 0.720900 0.732210 0.697700 0.733280 0.698090 0.736870 0.699920 0.750620 0.707750 0.750530 0.742710 0.749120 0.741780 0.741440
1 0.402960 0.749990 0.402940 0.743790 0.357880 0.745970 0.358130 0.750730 0.358150 0.764160 0.403160 0.761780 0.402840 0.756420
2 0.477230 0.302830 0.476110 0.290250 0.386610 0.290880 0.386690 0.294140 0.387200 0.308710 0.392370 0.308850 0.477800 0.308230
1 0.707280 0.407040 0.706990 0.405140 0.660750 0.406470 0.662140 0.420250 0.662740 0.422710 0.709750 0.421740 0.709240 0.418510
1 0.653120 0.636870 0.646540 0.637170 0.615850 0.638240 0.609240 0.638480 0.610860 0.655440 0.655770 0.654530 0.655230 0.651090
1 0.457750 0.645870 0.416730 0.646180 0.416420 0.643770 0.411270 0.643860 0.412000 0.661480 0.427870 0.661090 0.457350 0.660170 0.457280 0.656510
1 0.833570 0.728610 0.827820 0.728620 0.791050 0.730310 0.792290 0.739950 0.793220 0.747180 0.835530 0.745600 0.834820 0.737390
1 0.790000 0.634690 0.792430 0.648360 0.792790 0.651100 0.832820 0.650110 0.837000 0.650130 0.833930 0.633480 0.811940 0.634200
1 0.452990 0.410610 0.452480 0.408510 0.441790 0.408570 0.405520 0.409550 0.405360 0.423830 0.405170 0.425950 0.453720 0.425630 0.453560 0.421770
1 0.215600 0.756410 0.215690 0.752190 0.169990 0.753410 0.170170 0.755780 0.169700 0.768030 0.169410 0.771910 0.215880 0.770220 0.215650 0.767890
1 0.701730 0.825200 0.688580 0.825940 0.659420 0.827590 0.659590 0.831420 0.661150 0.844930 0.703710 0.842750 0.702810 0.834790
1 0.999770 0.812320 0.965430 0.814260 0.958880 0.814810 0.961850 0.829730 0.962420 0.831580 0.999520 0.829330
1 0.629770 0.408000 0.629660 0.406240 0.582420 0.407190 0.583800 0.423670 0.631370 0.423160
1 0.838010 0.818410 0.812690 0.820060 0.796870 0.821010 0.797450 0.825270 0.799540 0.838450 0.811170 0.837960 0.841010 0.836170 0.839740 0.828140
1 0.895140 0.408020 0.893930 0.402260 0.847920 0.402690 0.850050 0.417540 0.850400 0.419440 0.896750 0.418960 0.896180 0.416070
1 0.951730 0.724140 0.910500 0.725770 0.911210 0.729410 0.913500 0.739280 0.914450 0.742280 0.955700 0.740430
1 0.781260 0.532150 0.784430 0.548390 0.810240 0.548010 0.829870 0.547650 0.829370 0.545170 0.826610 0.531030 0.795580 0.531610 0.784600 0.532010
1 0.751700 0.404460 0.753800 0.418720 0.753970 0.421130 0.801520 0.419910 0.799650 0.407300 0.799010 0.403530 0.775620 0.403970 0.760200 0.404150
1 0.136140 0.413440 0.134420 0.425510 0.134290 0.427260 0.186030 0.427310 0.186340 0.425570 0.187370 0.410050 0.176010 0.410080 0.136780 0.409970
1 0.634250 0.830760 0.633660 0.828170 0.591510 0.830530 0.591610 0.833990 0.592010 0.840910 0.593070 0.847830 0.636220 0.845970
1 0.956470 0.628810 0.952090 0.628760 0.914000 0.629770 0.914750 0.634280 0.917720 0.646450 0.960670 0.645400
1 0.775510 0.824030 0.774850 0.822160 0.733220 0.824000 0.733430 0.825810 0.735990 0.841390 0.777700 0.839200 0.777310 0.836830
2 0.876720 0.286280 0.791000 0.287040 0.791420 0.295650 0.792140 0.304730 0.877990 0.303870 0.877630 0.298900
2 0.662630 0.291050 0.663450 0.303380 0.663390 0.306460 0.750910 0.305180 0.750600 0.302680 0.748650 0.287270 0.662220 0.288020
2 0.122900 0.289680 0.123040 0.294830 0.123300 0.307400 0.128000 0.307490 0.215650 0.308150 0.215430 0.289410
1 0.916630 0.817930 0.915960 0.816090 0.876980 0.818010 0.876980 0.819410 0.879630 0.833490 0.879950 0.835430 0.919940 0.833520 0.919070 0.830200
1 0.209800 0.651310 0.188220 0.651870 0.174730 0.652340 0.165810 0.653020 0.164790 0.661100 0.163670 0.671320 0.183530 0.670370 0.208950 0.669600
1 0.957730 0.816630 0.957320 0.814720 0.943060 0.814990 0.916770 0.816610 0.919750 0.832460 0.920130 0.833560 0.955410 0.831760 0.960250 0.831230
2 0.245310 0.289940 0.244930 0.301850 0.244790 0.308040 0.337790 0.308290 0.337920 0.304200 0.337430 0.293680 0.337130 0.290320
3 0.989480 0.400000 0.999750 0.399810 0.999870 0.415780 0.992860 0.416060
1 0.053870 0.319570 0.071290 0.322380 0.075040 0.341550 0.054120 0.339580 0.050240 0.318910
3 0.979950 0.627760 0.984090 0.644480 0.999620 0.643920 0.999620 0.627380
1 0.489230 0.835130 0.531450 0.833250 0.532820 0.850920 0.490230 0.852800
1 0.394760 0.839450 0.437740 0.837200 0.438990 0.855620 0.395640 0.857310
1 0.285890 0.844430 0.329740 0.841900 0.329490 0.860410 0.285640 0.862380
1 0.187300 0.848470 0.191060 0.848190 0.192310 0.850260 0.209850 0.847820 0.231270 0.846220 0.231650 0.864640 0.186670 0.866700
2 0.000000 0.857020 0.000250 0.875070 0.076050 0.871960 0.077670 0.854020
2 0.000000 0.966080 0.000130 0.981210 0.072160 0.977450 0.072040 0.962230
2 0.204330 0.955180 0.204330 0.970210 0.283140 0.967020 0.282640 0.951230
2 0.350040 0.948230 0.350540 0.963070 0.427090 0.959690 0.426840 0.944280
2 0.454150 0.943150 0.454520 0.958000 0.531450 0.954150 0.530940 0.939580
2 0.633800 0.933290 0.708090 0.928680 0.708970 0.943150 0.634800 0.947850
2 0.896890 0.918630 0.967680 0.914780 0.969680 0.930560 0.899020 0.933760
