2 0.676640 0.361940 0.754960 0.362760 0.761630 0.348830 0.681940 0.348210
2 0.851190 0.500080 0.922170 0.501770 0.927570 0.488060 0.856480 0.486610
2 0.525510 0.927580 0.526010 0.948410 0.616070 0.946090 0.615740 0.928490 0.563240 0.928900 0.561850 0.927170
2 0.337140 0.688900 0.257880 0.689570 0.255620 0.706350 0.335640 0.705890
2 0.974310 0.356730 0.899300 0.355650 0.891100 0.368510 0.963840 0.369540
2 0.188110 0.335320 0.192020 0.349700 0.277440 0.351350 0.274860 0.336770
2 0.279050 0.932750 0.243060 0.933660 0.185240 0.935520 0.183480 0.956350 0.277610 0.954370
2 0.233520 0.503720 0.310180 0.503810 0.307710 0.495080 0.229880 0.495370
2 0.382390 0.355280 0.484340 0.358100 0.485650 0.344250 0.380950 0.340860
3 0.499330 0.685890 0.533460 0.685060 0.538690 0.686920 0.547220 0.693940 0.551080 0.699300 0.500980 0.701580
2 0.506720 0.498240 0.505070 0.505670 0.577190 0.506910 0.580490 0.499480
