2 0.637947 0.300642 0.637947 0.339138 0.703254 0.338222 0.702566 0.301558
2 0.736251 0.304308 0.737180 0.340007 0.841021 0.339138 0.840502 0.303986
2 0.056201 0.295785 0.050328 0.330375 0.150996 0.332208 0.153300 0.295142
1 0.164371 0.297940 0.161344 0.331436 0.219801 0.332626 0.221248 0.297023
2 0.279102 0.298808 0.279789 0.333639 0.382219 0.337161 0.382014 0.299178
2 0.066995 0.569524 0.061085 0.605352 0.159728 0.607780 0.164263 0.572869
2 0.172584 0.571679 0.169834 0.605625 0.268995 0.609291 0.271540 0.572869
2 0.334302 0.575345 0.333132 0.610674 0.389467 0.611318 0.389298 0.575345
2 0.731137 0.583000 0.732476 0.619826 0.835412 0.621207 0.832229 0.584785
2 0.081806 0.837764 0.073593 0.873784 0.170390 0.874974 0.173417 0.838632
1 0.211732 0.839597 0.210357 0.874427 0.262603 0.876260 0.265353 0.841430
1 0.329767 0.841430 0.328598 0.879927 0.382013 0.876904 0.382906 0.839323
1 0.573327 0.844180 0.572640 0.883593 0.624126 0.883593 0.623402 0.845739
1 0.809120 0.851512 0.810495 0.888176 0.866178 0.887259 0.864803 0.851512
2 0.586943 0.579285 0.587765 0.614332 0.687684 0.617541 0.688200 0.582314
1 0.884051 0.584785 0.886114 0.623281 0.943751 0.622638 0.940832 0.585428
