1 0.371080 0.429270 0.369350 0.443710 0.369300 0.447330 0.399630 0.449580 0.407370 0.449980 0.409900 0.431550 0.396090 0.430730 0.375690 0.429650
1 0.587070 0.320080 0.587830 0.309260 0.535880 0.311630 0.534020 0.320610 0.532270 0.331150 0.552110 0.331500 0.583870 0.330760 0.584790 0.324840
1 0.543420 0.576520 0.539120 0.595200 0.579370 0.601280 0.585040 0.601540 0.588540 0.585290 0.588870 0.583130 0.556550 0.578420 0.548160 0.576890
1 0.833360 0.509130 0.829370 0.529060 0.829180 0.531040 0.896360 0.537470 0.900090 0.521880 0.901030 0.514870 0.868120 0.512010
2 0.559510 0.798850 0.557100 0.810790 0.555940 0.816420 0.617010 0.833600 0.633510 0.837630 0.636630 0.823750 0.637230 0.819830
1 0.827430 0.639930 0.823510 0.662350 0.886400 0.672230 0.887110 0.669530 0.890060 0.654240 0.890620 0.649160 0.850150 0.643350
1 0.316230 0.428370 0.315110 0.443760 0.351680 0.446240 0.352240 0.439080 0.351840 0.428760 0.316760 0.426010
1 0.056280 0.646320 0.054810 0.641830 0.020800 0.658070 0.015210 0.661050 0.018980 0.678420 0.028630 0.673670 0.058510 0.658130 0.057640 0.653180
1 0.762100 0.632750 0.761500 0.635590 0.758230 0.652600 0.771250 0.654440 0.788577 0.657136 0.802810 0.659350 0.812670 0.660840 0.816650 0.640500 0.816290 0.638700 0.762590 0.630750
2 0.523800 0.199320 0.525550 0.192650 0.474560 0.197480 0.466500 0.199050 0.437680 0.201330 0.433770 0.222300 0.451450 0.220590 0.522720 0.214590 0.522520 0.206530
1 0.085090 0.897760 0.046240 0.925860 0.048790 0.940130 0.066530 0.927520 0.075840 0.919830 0.086810 0.911510 0.086370 0.907910
2 0.754180 0.967950 0.752790 0.979020 0.767270 0.983190 0.816070 1.000000 0.845850 1.000000 0.847610 0.993680 0.801350 0.978470 0.755150 0.964130
2 0.545250 0.900140 0.543840 0.908790 0.543380 0.912090 0.567460 0.919120 0.584580 0.925160 0.616320 0.934630 0.617120 0.930170 0.617360 0.927650 0.618090 0.920770 0.588500 0.910390 0.579890 0.907760 0.571390 0.905070 0.546030 0.898110
1 0.930900 0.655640 0.926610 0.678330 0.996280 0.689200 0.997010 0.685770 0.999530 0.665760 0.958980 0.659340
1 0.044400 0.748530 0.043380 0.743420 0.000000 0.766250 0.002210 0.783580 0.008230 0.780490 0.026540 0.770980 0.039640 0.762800 0.047030 0.759770
3 0.021480 0.553220 0.000180 0.560650 0.000000 0.581760 0.009060 0.578510 0.024980 0.572130 0.022600 0.557130
2 0.909020 0.156310 0.882790 0.158160 0.831470 0.162790 0.777770 0.167440 0.776670 0.193450 0.822130 0.190020 0.908680 0.184170
1 0.062490 0.832690 0.061340 0.827200 0.031050 0.847510 0.019700 0.854710 0.021980 0.869600 0.035010 0.861340 0.063770 0.841360
1 0.915270 0.525220 0.913220 0.538980 0.985750 0.545800 0.988980 0.521530 0.917540 0.515710
1 0.753130 0.851540 0.752310 0.859410 0.751520 0.865220 0.750700 0.869050 0.793880 0.880780 0.803850 0.883390 0.806720 0.866420 0.806730 0.861860 0.787350 0.856970 0.763310 0.855920 0.757820 0.850050 0.753820 0.849370
2 0.068360 0.235840 0.066840 0.250650 0.117730 0.247810 0.122290 0.231860
1 0.772470 0.331550 0.767160 0.352630 0.834760 0.353760 0.838550 0.330980
1 0.076720 0.320150 0.074440 0.334400 0.102540 0.334970 0.107100 0.319580
1 0.196730 0.316740 0.191410 0.334400 0.221790 0.333830 0.227870 0.317310
1 0.248380 0.317310 0.244580 0.333260 0.280280 0.333260 0.284830 0.317310
1 0.312180 0.315030 0.350160 0.313890 0.346360 0.332120 0.307620 0.332690
1 0.394210 0.313320 0.389650 0.332690 0.431430 0.333260 0.436750 0.313320
1 0.465610 0.312180 0.511940 0.309900 0.507390 0.330410 0.459530 0.332120
1 0.766400 0.503020 0.828680 0.508720 0.823810 0.530760 0.761080 0.524670
1 0.689680 0.214770 0.710190 0.218180 0.710190 0.241540 0.688920 0.239830
1 0.518130 0.437220 0.511890 0.455470 0.557950 0.458060 0.565440 0.439440
1 0.457090 0.434420 0.500470 0.436100 0.494800 0.454150 0.452070 0.452400
1 0.271730 0.422900 0.305420 0.425240 0.304120 0.442550 0.269320 0.440110
1 0.231670 0.420420 0.261290 0.422130 0.259770 0.439220 0.227870 0.437510
1 0.171610 0.417940 0.202040 0.419280 0.200180 0.435150 0.169540 0.432340
1 0.130090 0.414630 0.158260 0.416160 0.156680 0.430800 0.157000 0.431510 0.127890 0.429740
1 0.098620 0.412860 0.096730 0.427260 0.124110 0.429380 0.126000 0.414280
1 0.136230 0.523330 0.132760 0.537610 0.159360 0.541740 0.163450 0.527110
1 0.173680 0.528400 0.169740 0.542450 0.197600 0.546930 0.202480 0.531940
1 0.226710 0.535250 0.222150 0.549880 0.252830 0.554130 0.256770 0.539030
1 0.431750 0.561690 0.471410 0.566760 0.467320 0.584580 0.427350 0.578920
3 0.000550 0.450770 0.036970 0.442080 0.041200 0.461250 0.001470 0.472150 0.000180 0.466080
3 0.091410 0.975310 0.095640 0.988960 0.083510 0.999860 0.061620 0.999860
2 0.431100 0.859290 0.427600 0.874050 0.491060 0.895160 0.494550 0.878880
2 0.355130 0.834600 0.413440 0.852810 0.410310 0.867570 0.353290 0.849770
2 0.262620 0.804800 0.260410 0.818460 0.310990 0.834740 0.313380 0.821490
2 0.189040 0.781630 0.187570 0.794730 0.232270 0.807970 0.234470 0.794870
2 0.158690 0.693610 0.154280 0.707130 0.198980 0.719270 0.202840 0.705480
1 0.206700 0.706860 0.201920 0.720100 0.228400 0.727000 0.232630 0.713340
2 0.290210 0.728380 0.345390 0.742860 0.342260 0.758040 0.286530 0.743280
2 0.371690 0.749620 0.432020 0.765620 0.428710 0.781490 0.368190 0.765350
2 0.446550 0.768250 0.442500 0.785760 0.509820 0.804390 0.514050 0.787010
1 0.875480 0.880810 0.933600 0.895850 0.930660 0.917230 0.871250 0.901230
2 0.146000 0.602980 0.141400 0.616920 0.188860 0.626570 0.193460 0.611260
2 0.198790 0.612910 0.193640 0.627120 0.246060 0.637470 0.250290 0.622430
2 0.273650 0.626160 0.269050 0.642440 0.326260 0.654020 0.330490 0.638300
2 0.401850 0.650850 0.467880 0.664650 0.464210 0.682300 0.397070 0.668370
2 0.504670 0.672230 0.581920 0.687550 0.578240 0.706310 0.500260 0.690440
1 0.751510 0.743550 0.747830 0.764800 0.802640 0.776940 0.805580 0.755140
3 0.955200 0.152890 0.951960 0.179200 0.999410 0.175000 0.999710 0.147580
