1 0.030247 0.346471 0.021655 0.385876 0.084896 0.387714 0.093489 0.346929
2 0.110333 0.346930 0.103119 0.387260 0.219293 0.389547 0.226169 0.347388
2 0.255041 0.349221 0.249198 0.390012 0.372594 0.394136 0.376031 0.350137
2 0.413839 0.351969 0.409028 0.395047 0.532767 0.396881 0.534829 0.355179
1 0.579514 0.356554 0.578827 0.398717 0.650323 0.398717 0.649290 0.356093
1 0.702566 0.358387 0.703254 0.400550 0.777840 0.400091 0.774748 0.356550
1 0.828368 0.359303 0.832493 0.403300 0.907424 0.403300 0.902612 0.357470
0 0.940420 0.358386 0.943859 0.406049 0.981668 0.404216 0.975481 0.359303
2 0.021311 0.664528 0.014435 0.707605 0.127177 0.714024 0.132676 0.669111
2 0.149863 0.670944 0.145050 0.716774 0.260193 0.721818 0.263291 0.674610
2 0.305225 0.679193 0.302132 0.725024 0.421402 0.729602 0.423804 0.681019
2 0.471586 0.682860 0.468148 0.731439 0.591886 0.737856 0.591888 0.688359
2 0.636920 0.693394 0.637944 0.740604 0.764438 0.748395 0.763749 0.700275
2 0.812215 0.703941 0.813589 0.752511 0.944550 0.757556 0.941111 0.708526
