2 0.088972 0.254272 0.090287 0.288925 0.186810 0.290890 0.183653 0.255814
2 0.207250 0.255814 0.207250 0.290014 0.304141 0.290505 0.301432 0.255323
2 0.372095 0.256902 0.373750 0.295244 0.469377 0.295524 0.468221 0.257394
2 0.483769 0.295312 0.580711 0.297171 0.581477 0.258656 0.484030 0.258482
2 0.688282 0.258973 0.686598 0.294050 0.783257 0.294224 0.783915 0.257394
2 0.133989 0.489444 0.135786 0.520243 0.219903 0.521057 0.218970 0.490427
2 0.222920 0.490227 0.223116 0.522469 0.310596 0.522792 0.307798 0.489214
2 0.342331 0.492945 0.343264 0.522961 0.427531 0.522991 0.426379 0.492423
2 0.585748 0.492945 0.583883 0.522792 0.668760 0.524036 0.669693 0.495432 0.643577 0.492945
2 0.681669 0.495923 0.679607 0.524266 0.766915 0.527014 0.769229 0.496676
2 0.782506 0.495171 0.779063 0.526523 0.864724 0.528457 0.868040 0.495662
2 0.513929 0.704361 0.512305 0.731168 0.586312 0.733164 0.584424 0.704699
2 0.159173 0.703317 0.160428 0.729925 0.245640 0.731230 0.245305 0.704300
2 0.076921 0.701183 0.076633 0.728942 0.149983 0.730447 0.149235 0.704361
2 0.084121 0.867310 0.084650 0.889124 0.152702 0.889662 0.150824 0.868420
2 0.207997 0.892149 0.209298 0.866355 0.276753 0.869272 0.275843 0.893162
2 0.323262 0.868750 0.323285 0.894866 0.390222 0.896540 0.389854 0.869702
2 0.532779 0.873464 0.531478 0.896663 0.597378 0.896862 0.598507 0.872849
2 0.037523 0.865747 0.039036 0.888435 0.000516 0.887696 0.000000 0.865613 0.025549 0.865562
1 0.267691 0.705605 0.267691 0.731399 0.310503 0.731429 0.307798 0.703118
2 0.656704 0.706388 0.655748 0.734178 0.731551 0.735682 0.732899 0.707601 0.678456 0.707570
