2 0.153774 0.347183 0.151094 0.362895 0.238909 0.363525 0.240187 0.345734
2 0.621341 0.480232 0.621923 0.497417 0.706115 0.497008 0.705019 0.480444
2 0.160010 0.495769 0.163051 0.478967 0.248653 0.479815 0.247274 0.496387
2 0.170505 0.627857 0.168308 0.645667 0.251961 0.644024 0.253350 0.626839
2 0.183772 0.778655 0.179909 0.796673 0.258593 0.796794 0.260825 0.779697
2 0.363235 0.780322 0.362940 0.797251 0.441542 0.797387 0.441645 0.779998
2 0.656452 0.781352 0.657017 0.797855 0.734524 0.797622 0.735109 0.780935
2 0.652002 0.938503 0.652830 0.955275 0.728771 0.954662 0.727938 0.937072
2 0.362584 0.937765 0.361616 0.954895 0.437541 0.955380 0.438110 0.938495
2 0.182827 0.938423 0.181360 0.955366 0.257491 0.954438 0.257656 0.937872 0.253082 0.937114 0.252980 0.935821
3 0.581141 0.625756 0.581141 0.642655 0.604611 0.642655 0.603673 0.625052
