2 0.213159 0.304456 0.211457 0.330171 0.288321 0.332538 0.290022 0.306915
2 0.373191 0.309375 0.371991 0.335466 0.447431 0.338019 0.448570 0.309940
2 0.218903 0.511217 0.216350 0.536557 0.290166 0.537783 0.292076 0.511875
2 0.228189 0.670050 0.227131 0.696141 0.299664 0.696523 0.300521 0.670426
2 0.573079 0.516794 0.573151 0.543081 0.645684 0.544214 0.644550 0.518875
2 0.746016 0.314101 0.747220 0.340012 0.822885 0.341148 0.821182 0.315343
2 0.215784 0.855728 0.214368 0.883338 0.289102 0.882770 0.289593 0.855355
2 0.302072 0.858097 0.301154 0.884095 0.371065 0.884285 0.372203 0.857430
2 0.393046 0.855346 0.391558 0.882397 0.440916 0.885232 0.441414 0.857051
2 0.631714 0.859886 0.632425 0.887685 0.572150 0.888350 0.572080 0.859231
2 0.748568 0.860458 0.749707 0.888350 0.818553 0.888440 0.817209 0.861311
2 0.080170 0.883985 0.082566 0.908403 0.155687 0.908986 0.154870 0.883144
2 0.601775 0.313258 0.601129 0.338503 0.647386 0.339076 0.646956 0.314406
