2 0.033699 0.291488 0.033489 0.334492 0.149874 0.339194 0.149166 0.294329
2 0.426234 0.309271 0.425231 0.349820 0.537404 0.354733 0.537092 0.312499
2 0.564137 0.635238 0.563269 0.672000 0.663874 0.676278 0.662610 0.638851
2 0.183992 0.626433 0.181731 0.663898 0.283101 0.667511 0.284416 0.628995
2 0.079001 0.625171 0.075923 0.661056 0.179628 0.665160 0.182627 0.626539
2 0.121118 0.878740 0.120880 0.909116 0.211990 0.911398 0.213594 0.880638
2 0.228637 0.880600 0.226585 0.914799 0.319725 0.916591 0.319458 0.883971
2 0.346785 0.882353 0.344155 0.915435 0.435894 0.917256 0.435310 0.885021
2 0.476638 0.885089 0.474008 0.916553 0.565820 0.921466 0.566347 0.885089
2 0.626065 0.889193 0.624171 0.922728 0.713058 0.924096 0.714770 0.890984
2 0.777225 0.894559 0.775253 0.924761 0.865626 0.924761 0.866912 0.894279
2 0.864911 0.647059 0.864911 0.683995 0.961354 0.683995 0.961037 0.648465
2 0.000419 0.701461 0.000000 0.733303 0.051879 0.735444 0.051300 0.704514
2 0.945035 0.892944 0.945035 0.927432 1.000000 0.927432 0.999461 0.892225
