1 0.007015 0.317079 0.004009 0.335384 0.053385 0.334238 0.053115 0.315576
2 0.150020 0.313550 0.150020 0.328582 0.238346 0.330874 0.238481 0.311854
2 0.267886 0.311881 0.267018 0.329701 0.376377 0.329563 0.378871 0.311982
2 0.508407 0.310479 0.506125 0.327994 0.592284 0.326053 0.591282 0.308848
2 0.622241 0.307978 0.622181 0.325890 0.708331 0.323384 0.707196 0.306091
2 0.797307 0.303764 0.798561 0.321461 0.884974 0.319788 0.883100 0.301625
2 0.167363 0.446359 0.164307 0.462602 0.249334 0.461850 0.249928 0.445272
2 0.281506 0.445569 0.281440 0.462052 0.364900 0.460949 0.365451 0.444306
2 0.437950 0.443099 0.437563 0.459486 0.520397 0.458715 0.519359 0.442803
2 0.522609 0.442665 0.522047 0.458422 0.604544 0.457340 0.603268 0.441327
2 0.607343 0.440852 0.608454 0.457276 0.691457 0.455999 0.689032 0.440154
2 0.692771 0.439365 0.693218 0.455774 0.778396 0.454334 0.775731 0.437046
2 0.814034 0.436423 0.816662 0.452915 0.902383 0.452473 0.899156 0.435085
2 0.027095 0.449760 0.023881 0.466131 0.079329 0.466360 0.079658 0.453629 0.089108 0.447862
2 0.183398 0.571130 0.182652 0.587143 0.263522 0.586428 0.264538 0.569343
2 0.283480 0.568875 0.282478 0.585970 0.362248 0.584238 0.362908 0.567958
2 0.418859 0.566060 0.419605 0.583587 0.498875 0.582084 0.498655 0.565602
2 0.511023 0.582175 0.512025 0.564914 0.588900 0.564136 0.590329 0.580901
2 0.676467 0.564365 0.677518 0.579627 0.757840 0.579141 0.756519 0.562531
2 0.691890 0.679897 0.692367 0.696294 0.771637 0.694929 0.767053 0.679145
2 0.781304 0.680932 0.781915 0.696396 0.860354 0.695287 0.859181 0.678943
2 0.605312 0.680116 0.604481 0.697083 0.682039 0.696497 0.680170 0.679465
2 0.381082 0.683315 0.382255 0.700703 0.459179 0.699594 0.459265 0.682775
2 0.275598 0.686881 0.272591 0.702665 0.350590 0.701913 0.350639 0.684103
2 0.192588 0.686587 0.190620 0.705122 0.270600 0.702766 0.271908 0.685350
2 0.185537 0.832744 0.186099 0.814439 0.271832 0.814540 0.272043 0.830499
2 0.103444 0.815585 0.100217 0.833138 0.175088 0.832579 0.175955 0.815824
2 0.078695 0.933435 0.077815 0.950824 0.151328 0.949439 0.151867 0.932684
2 0.215553 0.930823 0.214416 0.946570 0.287515 0.946533 0.286451 0.929906
2 0.338307 0.929613 0.338734 0.947386 0.411449 0.946341 0.411291 0.928669
2 0.541039 0.810003 0.541785 0.826805 0.615945 0.825531 0.616826 0.808857
2 0.685473 0.808206 0.687100 0.824688 0.761287 0.823249 0.759867 0.806740
2 0.565396 0.927193 0.566790 0.942977 0.638959 0.942033 0.637431 0.925663
1 0.294891 0.813625 0.294280 0.830127 0.335229 0.829440 0.336451 0.812479
