2 0.840940 0.456350 0.840610 0.461560 0.841600 0.463540 0.853170 0.463540 0.901790 0.460570 0.904100 0.460070 0.905750 0.458580 0.908070 0.449400 0.906080 0.447170 0.844250 0.450640 0.841930 0.452630
1 0.601190 0.469990 0.600860 0.477430 0.602510 0.479170 0.630620 0.478420 0.633270 0.477680 0.634260 0.476190 0.635580 0.465770 0.633930 0.463790 0.606810 0.464530 0.602180 0.465770
1 0.000000 0.625810 0.000000 0.640940 0.045880 0.632650 0.043650 0.621840
1 0.232140 0.485370 0.232140 0.496280 0.232470 0.498260 0.234130 0.499500 0.265870 0.498510 0.273480 0.497520 0.275790 0.495540 0.275460 0.485370 0.274470 0.483130 0.272490 0.482140 0.234130 0.482890
1 0.024140 0.718010 0.024140 0.731400 0.026460 0.733880 0.046960 0.731890 0.057920 0.730280 0.071680 0.728560 0.072750 0.724210 0.072420 0.713540 0.071680 0.713500 0.053900 0.714790 0.044730 0.715220 0.025460 0.716520
2 0.919800 0.797800 0.942220 0.792590 0.982300 0.785330 0.971320 0.768040 0.958220 0.770270 0.952470 0.771260 0.908900 0.778880
1 0.538030 0.470490 0.537700 0.481150 0.539680 0.483130 0.567790 0.481650 0.571100 0.480900 0.572090 0.479910 0.573410 0.470240 0.572750 0.468250 0.571100 0.467010 0.564150 0.468010 0.541010 0.468750
2 0.190810 0.648310 0.191140 0.661710 0.192460 0.663690 0.213960 0.661710 0.279840 0.654150 0.277540 0.638240 0.193450 0.646330
1 0.022820 0.794640 0.022820 0.805310 0.023810 0.806800 0.026460 0.807290 0.036380 0.805060 0.047290 0.804070 0.054230 0.802080 0.068120 0.800100 0.070770 0.796880 0.067790 0.786950 0.049600 0.788690 0.039680 0.790920 0.025460 0.792410
1 0.303570 0.481400 0.303240 0.494540 0.304890 0.495780 0.311180 0.496280 0.320440 0.495290 0.338620 0.495540 0.341930 0.494790 0.343580 0.493300 0.343920 0.480410 0.341930 0.478670 0.309190 0.479410 0.306550 0.479660
1 0.462630 0.474140 0.462630 0.484810 0.463620 0.487530 0.464950 0.488030 0.491070 0.486790 0.498020 0.485800 0.499010 0.484560 0.499010 0.473400 0.497350 0.470920 0.494050 0.470420 0.481480 0.472160 0.466600 0.472650
1 0.170970 0.486860 0.170300 0.487850 0.171300 0.498020 0.172620 0.501490 0.174270 0.502230 0.203370 0.501740 0.213620 0.500740 0.216600 0.499010 0.215940 0.487600 0.213620 0.483880 0.189480 0.485620 0.174600 0.485620
1 0.018520 0.918400 0.000000 0.921380 0.000000 0.938000 0.017530 0.935520 0.025130 0.933530 0.043320 0.930800 0.044970 0.929810 0.045630 0.927330 0.043320 0.915920
2 0.944780 0.445680 0.944440 0.452380 0.946100 0.454120 0.972550 0.453730 0.990900 0.450720 0.990330 0.442550 0.949740 0.443200 0.946430 0.443700
2 0.513890 0.613100 0.513890 0.626490 0.515540 0.627980 0.538690 0.626490 0.553570 0.623760 0.569430 0.622760 0.581680 0.621280 0.583330 0.618550 0.582340 0.610860 0.580890 0.609850 0.552580 0.607640 0.539350 0.609130 0.531750 0.610860 0.517200 0.611860
1 0.378640 0.477430 0.378640 0.489340 0.380290 0.492060 0.394180 0.492060 0.415010 0.490330 0.417330 0.487850 0.417000 0.477180 0.414680 0.475200 0.408070 0.476190 0.379960 0.476440
2 0.217590 0.907990 0.218580 0.927080 0.219580 0.930060 0.221230 0.930560 0.234130 0.928820 0.252310 0.924600 0.268520 0.922620 0.292000 0.917160 0.319440 0.912450 0.322750 0.911210 0.324400 0.907740 0.321100 0.894590 0.321760 0.890380 0.317130 0.888140 0.303240 0.889630 0.285710 0.894350 0.242390 0.901040 0.226190 0.905260 0.220240 0.906000
2 0.582010 0.840280 0.580360 0.842510 0.586310 0.853170 0.588290 0.858880 0.591930 0.859870 0.599870 0.859130 0.618720 0.854410 0.629300 0.852930 0.636570 0.850200 0.646840 0.848120 0.669200 0.841670 0.664680 0.829120 0.661710 0.824900 0.655420 0.824160 0.641530 0.826880 0.632610 0.827630 0.603840 0.835570 0.594910 0.837550 0.587300 0.838290
1 0.668650 0.463290 0.668320 0.474450 0.669640 0.475200 0.698080 0.473960 0.700400 0.472470 0.701390 0.463050 0.699400 0.459820 0.688820 0.459570 0.683530 0.460810 0.672620 0.461310 0.669640 0.462050
2 0.799950 0.580610 0.799600 0.594250 0.856720 0.587060 0.857290 0.575450
