1 0.473160 0.849790 0.448260 0.850860 0.434390 0.851760 0.435340 0.867650 0.474520 0.865700
1 0.598990 0.843880 0.593840 0.844010 0.560460 0.845590 0.561370 0.862010 0.564680 0.862020 0.580070 0.861170 0.589260 0.860080 0.600550 0.859730
1 0.859690 0.601930 0.859630 0.596960 0.826590 0.597700 0.818380 0.598430 0.820920 0.614460 0.827010 0.614510 0.838470 0.613970 0.848440 0.613720 0.860810 0.613030 0.860410 0.608020
1 0.725260 0.837710 0.713230 0.838620 0.704950 0.838760 0.695850 0.839480 0.686720 0.839710 0.688630 0.856450 0.726360 0.854310 0.726190 0.849610
1 0.783130 0.835290 0.778710 0.835430 0.754160 0.836160 0.744830 0.837050 0.746730 0.852400 0.773580 0.851370 0.784500 0.850980
1 0.655000 0.841740 0.629670 0.842280 0.616230 0.843370 0.617880 0.859220 0.622700 0.859250 0.656330 0.857300
1 0.322600 0.857320 0.282240 0.858690 0.281980 0.874770 0.295850 0.874100 0.307850 0.873360 0.321680 0.872640
2 0.308110 0.391150 0.302970 0.390740 0.247900 0.390410 0.222450 0.391020 0.223190 0.408040 0.308530 0.407850
2 0.658390 0.602280 0.658640 0.612550 0.659160 0.618070 0.706090 0.616380 0.733390 0.615840 0.733440 0.612330 0.732740 0.606250 0.732260 0.600520 0.728100 0.600460 0.680460 0.601520
2 0.394710 0.613680 0.394430 0.609210 0.316780 0.611970 0.317160 0.618990 0.317630 0.628400 0.395110 0.625280 0.394960 0.619050
2 0.735990 0.236340 0.658680 0.235830 0.658880 0.252890 0.680920 0.253110 0.689990 0.253070 0.736810 0.252390 0.736460 0.248600
2 0.499820 0.611740 0.498810 0.605870 0.445870 0.607110 0.423520 0.608430 0.423350 0.614290 0.424050 0.621430 0.424340 0.624390 0.492160 0.622400 0.500170 0.622160 0.500000 0.619720
2 0.894610 0.701410 0.827450 0.704300 0.824460 0.705010 0.826100 0.720590 0.841970 0.719740 0.895990 0.716810 0.895130 0.708060
2 0.291590 0.237630 0.283860 0.237680 0.207110 0.237920 0.207370 0.240020 0.207730 0.243450 0.208220 0.254960 0.291520 0.254950 0.291080 0.252450
2 0.794820 0.705530 0.724560 0.707980 0.724790 0.722340 0.724890 0.724090 0.796620 0.721390
2 0.870650 0.830620 0.803300 0.833850 0.803920 0.840000 0.805030 0.845030 0.805560 0.849610 0.814430 0.849610 0.872940 0.845500 0.872070 0.839800
2 0.260970 0.722860 0.240410 0.723570 0.240880 0.740000 0.257680 0.739140 0.316480 0.737470 0.316780 0.732950 0.317240 0.721200
2 0.860410 0.235150 0.856930 0.235280 0.783860 0.236150 0.783780 0.238570 0.783770 0.239100 0.783760 0.239420 0.783400 0.251390 0.857160 0.251180 0.861540 0.250780
2 0.408730 0.718140 0.396590 0.718100 0.358510 0.719330 0.333950 0.720610 0.333970 0.728560 0.333810 0.736950 0.409160 0.734160 0.409440 0.729780
2 0.305600 0.612530 0.297520 0.612480 0.226390 0.614970 0.226110 0.631460 0.305580 0.628460
2 0.351270 0.494730 0.319290 0.495060 0.311370 0.495460 0.269880 0.496150 0.269600 0.507350 0.269880 0.512840 0.306980 0.511510 0.351260 0.510810
2 0.404950 0.238490 0.405390 0.255060 0.486140 0.255140 0.485600 0.238250
2 0.740410 0.386160 0.661020 0.387560 0.660790 0.401400 0.661300 0.403140 0.740880 0.401760
