3 0.000000 0.714480 0.000000 0.729740 0.030200 0.731350 0.033150 0.716390
3 0.426070 0.431760 0.426470 0.450060 0.450750 0.450110 0.450930 0.431550
2 0.000550 0.454940 0.000280 0.469920 0.072360 0.470590 0.072250 0.455220
2 0.599210 0.876930 0.598340 0.893070 0.646440 0.896930 0.678470 0.899520 0.678670 0.882350
1 0.077520 0.233210 0.081920 0.253650 0.106970 0.255300 0.109990 0.255500 0.106420 0.235480 0.100090 0.235690
2 0.125680 0.200180 0.125410 0.218970 0.211010 0.214220 0.212390 0.195430
2 0.292480 0.191300 0.290830 0.209060 0.381110 0.204520 0.383040 0.185940
2 0.589190 0.174580 0.588370 0.192960 0.692690 0.187790 0.692140 0.169010
2 0.733700 0.166330 0.733970 0.185520 0.842690 0.181190 0.841870 0.160750
2 0.869670 0.160340 0.870770 0.179120 0.983620 0.175200 0.983070 0.154350
2 0.677690 0.281720 0.677410 0.302160 0.778430 0.298030 0.778980 0.277180
1 0.617140 0.283370 0.661730 0.282340 0.662280 0.302980 0.617410 0.305050
2 0.829350 0.276150 0.829350 0.297200 0.935870 0.294310 0.936140 0.272640
2 0.145370 0.299060 0.145920 0.317850 0.227390 0.314750 0.226840 0.296590
2 0.340240 0.293700 0.341340 0.313310 0.428870 0.310620 0.428590 0.290190
1 0.038260 0.346540 0.037980 0.364500 0.080100 0.363470 0.082300 0.345300
2 0.330290 0.432830 0.330570 0.449350 0.412590 0.450170 0.412320 0.432420
2 0.172850 0.432210 0.173130 0.449350 0.251020 0.449760 0.250750 0.432830
2 0.082300 0.548850 0.078440 0.564740 0.010730 0.563500 0.014860 0.548230
2 0.205880 0.569280 0.205610 0.585380 0.279920 0.587040 0.279920 0.570730
2 0.222160 0.691900 0.222440 0.707800 0.292350 0.711720 0.291250 0.695830
2 0.069640 0.718330 0.067430 0.733400 0.132390 0.737530 0.133220 0.722040
2 0.230930 0.846320 0.229830 0.861390 0.297810 0.867370 0.298640 0.851680
2 0.703840 0.429940 0.703840 0.449550 0.801270 0.448730 0.800720 0.428910
2 0.064143 0.642581 0.057728 0.658617 0.126147 0.662626 0.128285 0.644185
