1 0.675140 0.500980 0.674180 0.513660 0.713400 0.512960 0.714750 0.500200
1 0.526020 0.887130 0.525840 0.900210 0.568650 0.900970 0.567570 0.887620
1 0.145300 0.877100 0.102130 0.878560 0.093940 0.892140 0.138420 0.891980
1 0.110320 0.701770 0.113830 0.712160 0.148760 0.712180 0.146360 0.702210
1 0.617650 0.499600 0.615740 0.511660 0.654040 0.512540 0.657370 0.500220
1 0.680950 0.354510 0.638890 0.354640 0.636320 0.369450 0.678170 0.369570
1 0.518000 0.498650 0.518720 0.510630 0.556840 0.509570 0.556760 0.497880
1 0.384690 0.351950 0.385890 0.366570 0.425950 0.366800 0.426470 0.352860
1 0.531090 0.354460 0.530470 0.368860 0.570970 0.369030 0.572360 0.354320
1 0.773180 0.501370 0.733030 0.502120 0.732300 0.514250 0.772180 0.512200 0.772250 0.510670 0.768090 0.506960 0.773780 0.506110
1 0.100520 0.490650 0.104770 0.503280 0.142900 0.504080 0.139740 0.491760
1 0.648370 0.889040 0.651130 0.902890 0.693850 0.902870 0.690590 0.889180
1 0.027540 0.487790 0.031630 0.500690 0.069350 0.501740 0.065170 0.489150
1 0.171270 0.607960 0.175420 0.617620 0.211870 0.617710 0.208920 0.608830
1 0.733280 0.355220 0.729930 0.370290 0.772250 0.369750 0.776140 0.354790
3 0.000000 0.890230 0.023190 0.890510 0.034170 0.877520 0.000000 0.876260
1 0.084730 0.607320 0.091500 0.616420 0.127430 0.616900 0.123470 0.607250
1 0.000000 0.606000 0.000000 0.614590 0.021790 0.614760 0.015510 0.606630
2 0.930410 0.875250 0.929320 0.881280 0.931020 0.891580 0.937910 0.894280 0.999770 0.895310 1.000000 0.878840 0.957470 0.875010
2 0.870220 0.368890 0.864170 0.382500 0.937200 0.383890 0.944650 0.370290
1 0.239830 0.348700 0.242640 0.363460 0.283800 0.364420 0.281500 0.349460
1 0.116330 0.353870 0.118890 0.367300 0.160310 0.371130 0.158520 0.356180
1 0.252350 0.494240 0.255930 0.507090 0.294280 0.506130 0.291220 0.493860
1 0.317810 0.494820 0.319850 0.507280 0.358200 0.506710 0.355900 0.494620
1 0.385560 0.496350 0.388120 0.508620 0.425450 0.507470 0.423400 0.496540 0.414200 0.495780
1 0.458430 0.497310 0.459450 0.509200 0.497550 0.509010 0.497040 0.497310
1 0.571440 0.499420 0.570420 0.511500 0.609020 0.511880 0.610300 0.499800
0 0.264370 0.617350 0.260530 0.624830 0.279200 0.625210 0.282780 0.617930
0 0.305790 0.617540 0.304260 0.624830 0.322150 0.624640 0.324710 0.617730
0 0.337490 0.617540 0.335700 0.623870 0.353350 0.624060 0.355140 0.617730
0 0.358710 0.617730 0.357440 0.624440 0.374820 0.624250 0.377120 0.617930
0 0.383000 0.617730 0.381210 0.624060 0.399880 0.624060 0.400390 0.617730
1 0.417010 0.617540 0.415480 0.624640 0.451530 0.624830 0.451010 0.617930
1 0.534880 0.618880 0.534110 0.625600 0.569390 0.625400 0.568370 0.619270
1 0.610810 0.619650 0.610810 0.626550 0.646610 0.626940 0.644050 0.620420
1 0.698250 0.622530 0.700810 0.628470 0.737120 0.629430 0.733790 0.622910
1 0.738190 0.892710 0.754040 0.904220 0.782930 0.890600 0.767080 0.878720
1 0.575580 0.887920 0.577370 0.900960 0.620060 0.901920 0.617510 0.888500
1 0.461800 0.885430 0.461030 0.898660 0.503480 0.899810 0.503730 0.886390
1 0.340050 0.882930 0.336730 0.896170 0.379170 0.897320 0.381470 0.883700
1 0.223460 0.879480 0.217330 0.892910 0.259260 0.894250 0.265390 0.880440
1 0.044740 0.700570 0.048320 0.710540 0.083350 0.711500 0.079520 0.701530
1 0.259770 0.726460 0.262840 0.732980 0.297350 0.732600 0.295310 0.726270
1 0.346440 0.726080 0.348230 0.732210 0.383000 0.732400 0.380450 0.726840
1 0.419820 0.727230 0.421360 0.732790 0.456130 0.732400 0.455110 0.727420
1 0.530270 0.727420 0.530530 0.732210 0.565050 0.732210 0.565300 0.727420
1 0.615160 0.728190 0.613110 0.733170 0.647890 0.733560 0.650440 0.728950
3 0.695828 0.880919 0.709112 0.874751 0.735047 0.891356 0.721130 0.898472
