1 0.120548 0.374833 0.115360 0.410103 0.172778 0.410794 0.176072 0.373675
2 0.038228 0.375333 0.036284 0.408236 0.109135 0.411986 0.113841 0.372500
2 0.224495 0.375316 0.221695 0.412211 0.325778 0.411503 0.326647 0.371824
2 0.466729 0.373416 0.464966 0.411503 0.567075 0.410103 0.566862 0.371166
1 0.640144 0.372066 0.640288 0.409669 0.699005 0.410119 0.697811 0.370199
1 0.740059 0.369766 0.740940 0.409461 0.798545 0.409203 0.797014 0.368607
1 0.822535 0.370841 0.823079 0.408703 0.881402 0.408461 0.879084 0.369216
1 0.892622 0.368332 0.892804 0.410778 0.950027 0.410103 0.948446 0.369332
3 0.977236 0.433413 0.975305 0.475200 0.998475 0.474250 1.000000 0.431355
2 0.754141 0.745144 0.756567 0.786848 0.859669 0.786881 0.855325 0.746511
2 0.616686 0.744211 0.618423 0.784306 0.722370 0.786381 0.718194 0.744436
2 0.413499 0.742507 0.412330 0.781960 0.511826 0.781719 0.512670 0.741815
2 0.205124 0.743857 0.201386 0.781944 0.302114 0.781477 0.306071 0.741332
1 0.126992 0.742574 0.119898 0.780785 0.176322 0.782444 0.180497 0.741882
1 0.066343 0.743682 0.060105 0.779885 0.115897 0.781252 0.120167 0.743441
