2 0.004729 0.044410 0.000000 0.058313 0.115959 0.059586 0.118368 0.042647
2 0.204416 0.040482 0.200224 0.059521 0.309844 0.057443 0.312020 0.038295
2 0.476473 0.038295 0.476473 0.056486 0.587021 0.055724 0.585861 0.038230
2 0.692029 0.036511 0.692262 0.055235 0.805160 0.054854 0.801679 0.036467
2 0.829400 0.037360 0.832112 0.055681 0.944387 0.052221 0.938048 0.033410
0 0.084859 0.131891 0.082393 0.153182 0.110244 0.153182 0.111405 0.131912
0 0.189243 0.119216 0.190911 0.140529 0.216325 0.140104 0.212844 0.118726
0 0.321536 0.128300 0.321536 0.149189 0.346588 0.150037 0.347778 0.128725
0 0.402319 0.120511 0.403784 0.138233 0.428038 0.139125 0.427052 0.120108
0 0.504382 0.123590 0.500814 0.140061 0.527650 0.140888 0.529260 0.123970
0 0.749806 0.135775 0.753230 0.154879 0.779355 0.154770 0.778673 0.132293
0 0.956282 0.066702 0.953961 0.090070 0.979825 0.092192 0.983190 0.067931
0 0.750401 0.304111 0.750909 0.322900 0.778020 0.321181 0.774031 0.303774
0 0.498072 0.316427 0.496796 0.335890 0.520933 0.337184 0.523370 0.316807
0 0.014753 0.239031 0.014941 0.261595 0.038919 0.259745 0.037875 0.240260
2 0.106658 0.886271 0.107172 0.904262 0.197371 0.905320 0.197107 0.885015
2 0.394044 0.888308 0.393280 0.906774 0.487975 0.909088 0.488225 0.888506
3 0.213011 0.887636 0.207750 0.907337 0.303251 0.905804 0.305703 0.885984
2 0.594700 0.889950 0.594554 0.907535 0.677712 0.908613 0.677712 0.888595
2 0.688183 0.891107 0.688407 0.910354 0.779109 0.909869 0.779583 0.889851
2 0.795764 0.892462 0.795355 0.912095 0.891976 0.911610 0.889167 0.891988
1 0.000000 0.885697 0.000396 0.902422 0.049873 0.903203 0.051548 0.885312
