1 0.827710 0.310020 0.830440 0.327130 0.858560 0.326270 0.874060 0.325400 0.875210 0.307330
1 0.579490 0.420470 0.580320 0.434300 0.620130 0.433360 0.618870 0.417960
1 0.637990 0.504480 0.638990 0.519150 0.663290 0.518210 0.680470 0.518520 0.680970 0.507950 0.679980 0.502990 0.678660 0.502250 0.640630 0.502500
1 0.741220 0.315510 0.741070 0.331350 0.771830 0.329860 0.785640 0.329340 0.785380 0.312000
1 0.714290 0.591150 0.714410 0.606200 0.735360 0.605880 0.758400 0.605260 0.756310 0.590170
1 0.822750 0.778030 0.822090 0.786460 0.824070 0.788440 0.866070 0.789190 0.868720 0.786460 0.868390 0.776040 0.865410 0.774800 0.824400 0.774060 0.823080 0.775550
1 0.856870 0.605570 0.877070 0.604800 0.901210 0.604050 0.902540 0.602810 0.902120 0.589860 0.877730 0.590410 0.857290 0.589230
1 0.456680 0.767860 0.456020 0.771080 0.457340 0.779020 0.459660 0.780750 0.494710 0.780750 0.498020 0.779510 0.497020 0.770090 0.494710 0.767110 0.470900 0.768110
1 0.337300 0.330910 0.338140 0.347250 0.379200 0.346620 0.377940 0.329970
1 0.295970 0.427330 0.296630 0.442460 0.333950 0.440900 0.333110 0.427070
1 0.367060 0.511660 0.366730 0.522570 0.369050 0.525050 0.399140 0.524310 0.404430 0.523810 0.406420 0.522570 0.406750 0.510910 0.404430 0.508680 0.394840 0.509670 0.371360 0.509670 0.369380 0.509920
1 0.476040 0.507440 0.476040 0.519840 0.478020 0.522320 0.510100 0.521580 0.514540 0.520720 0.515380 0.506270 0.496870 0.506700 0.477690 0.506200
1 0.290790 0.334370 0.289680 0.348960 0.329340 0.347880 0.329340 0.332800
1 0.241070 0.334820 0.243440 0.351650 0.282830 0.350710 0.282830 0.335310
1 0.837300 0.660220 0.838850 0.673760 0.863150 0.673760 0.882430 0.673130 0.880330 0.660880 0.860220 0.660560 0.851850 0.660220
1 0.413690 0.659470 0.412700 0.671880 0.414350 0.672870 0.447090 0.672620 0.449740 0.672370 0.453040 0.669890 0.453700 0.657990 0.452710 0.656750 0.440480 0.655750 0.417330 0.656000 0.414680 0.656750
1 0.518520 0.656250 0.518850 0.671880 0.536380 0.672620 0.557210 0.671130 0.558530 0.667910 0.558530 0.660710 0.557210 0.658980 0.542610 0.655850 0.519510 0.655260
1 0.384650 0.609030 0.424870 0.608400 0.423620 0.593940 0.394970 0.594060 0.384390 0.593320
1 0.646830 0.660220 0.646830 0.669150 0.647490 0.671880 0.649140 0.672620 0.686180 0.672620 0.689480 0.671880 0.689480 0.658730 0.688490 0.656500 0.685520 0.655010 0.678900 0.656000 0.671630 0.658230 0.650130 0.658480
1 0.307540 0.667410 0.307210 0.671630 0.308860 0.672370 0.345570 0.671880 0.347880 0.668900 0.348880 0.657740 0.346230 0.656990 0.311510 0.657490 0.310190 0.657990 0.309190 0.659970
1 0.415010 0.329860 0.417000 0.345730 0.456350 0.344250 0.456350 0.327630
1 0.377530 0.425500 0.379200 0.440270 0.416490 0.439960 0.416910 0.425190
1 0.295300 0.514380 0.294970 0.523810 0.296630 0.526540 0.303240 0.525790 0.330030 0.525790 0.333660 0.525050 0.334990 0.523560 0.334990 0.512150 0.332670 0.511160 0.299930 0.511660 0.296960 0.512150
1 0.300350 0.595920 0.302100 0.610600 0.314570 0.610050 0.340230 0.609660 0.341030 0.597900 0.339040 0.593930 0.303330 0.594430 0.301010 0.594920
1 0.461310 0.327880 0.461750 0.343800 0.503650 0.342540 0.503650 0.326510
1 0.799930 0.411210 0.799600 0.425350 0.800600 0.426840 0.803570 0.427580 0.817790 0.427080 0.828800 0.426130 0.841270 0.423360 0.844580 0.421880 0.844250 0.410960 0.841930 0.408480 0.827710 0.408980 0.815810 0.410470 0.803570 0.410220
1 0.633270 0.592760 0.633600 0.606150 0.672950 0.606890 0.676260 0.605900 0.675930 0.592760 0.673610 0.590770 0.648480 0.591270 0.636900 0.590770
1 0.831020 0.499750 0.831680 0.511660 0.832670 0.513640 0.834990 0.515130 0.845240 0.514880 0.866070 0.510660 0.876320 0.509670 0.877980 0.508430 0.877980 0.500990 0.876980 0.499010 0.874010 0.497770 0.837960 0.498020 0.832340 0.498760
1 0.465100 0.422360 0.465940 0.437760 0.502400 0.437320 0.504720 0.435830 0.505710 0.422190 0.505050 0.421690
1 0.518850 0.592080 0.519570 0.608080 0.534390 0.607460 0.549600 0.606710 0.560210 0.606830 0.559520 0.592080 0.557870 0.591340 0.544970 0.592080
1 0.681220 0.772070 0.681310 0.784380 0.725720 0.785320 0.724460 0.781550 0.699070 0.773310
1 0.599870 0.321920 0.599870 0.335070 0.601850 0.337300 0.617390 0.337300 0.630290 0.335320 0.641200 0.335070 0.643520 0.333830 0.643520 0.320930 0.641200 0.318950 0.625330 0.318950 0.601850 0.320190
1 0.294640 0.765380 0.294970 0.778770 0.296630 0.780010 0.317790 0.780260 0.335650 0.779270 0.334660 0.767610 0.333000 0.765380 0.328040 0.764630
1 0.671960 0.417910 0.671960 0.428080 0.674930 0.431550 0.687170 0.431300 0.714830 0.429900 0.714620 0.416910 0.713290 0.414430 0.675600 0.415670
1 0.527780 0.769590 0.527450 0.773560 0.529430 0.781990 0.569110 0.782240 0.570440 0.781500 0.570110 0.772820 0.569110 0.770340 0.567460 0.769100 0.539020 0.768110 0.529430 0.768600
1 0.671300 0.317710 0.671670 0.334370 0.699400 0.333830 0.713620 0.332840 0.715610 0.331600 0.714830 0.316140 0.685850 0.315970
1 0.782740 0.590840 0.783540 0.605880 0.827540 0.604940 0.827540 0.590490 0.804230 0.589850 0.785380 0.589600
1 0.510350 0.325250 0.552250 0.323680 0.553090 0.339400 0.510350 0.341280
