2 0.061890 0.871272 0.062207 0.899448 0.137022 0.902350 0.136619 0.875779
2 0.191433 0.868712 0.193320 0.894022 0.266535 0.897528 0.263040 0.870797
2 0.266663 0.873711 0.267819 0.898433 0.343765 0.901620 0.342286 0.876580
2 0.351548 0.875786 0.350392 0.901998 0.428099 0.904178 0.427460 0.878018
2 0.495582 0.879826 0.496099 0.906624 0.572149 0.908536 0.572583 0.884712
2 0.596629 0.909923 0.674581 0.912895 0.675693 0.889019 0.597068 0.886150
2 0.678139 0.889448 0.677777 0.914126 0.755251 0.917098 0.757637 0.891888
2 0.760088 0.892428 0.757097 0.917098 0.836272 0.918107 0.838546 0.894074
2 0.215214 0.675824 0.214546 0.707786 0.303280 0.708997 0.303163 0.675869
2 0.415751 0.678641 0.414594 0.710857 0.501831 0.710116 0.501831 0.679330
2 0.509976 0.680235 0.508703 0.713356 0.597374 0.714579 0.597852 0.682355
2 0.608476 0.684275 0.609388 0.715854 0.699689 0.718085 0.698855 0.686024
2 0.710012 0.686083 0.710040 0.718938 0.799101 0.721169 0.799145 0.687255
1 0.074177 0.729041 0.076723 0.756157 0.121467 0.759345 0.119510 0.731695
1 0.150177 0.672799 0.148968 0.705054 0.196223 0.706348 0.197004 0.673917
1 0.027442 0.531369 0.026271 0.565282 0.078347 0.565550 0.077274 0.531310
1 0.108074 0.453000 0.108541 0.490702 0.162765 0.490369 0.162253 0.453742
2 0.187783 0.454646 0.188456 0.492178 0.285544 0.493875 0.285466 0.457300
2 0.293411 0.458894 0.294884 0.494246 0.391695 0.494617 0.391656 0.459213
2 0.399205 0.459850 0.399166 0.495209 0.495444 0.497011 0.495288 0.460436
1 0.526128 0.462596 0.526088 0.499250 0.580517 0.500159 0.581273 0.462563
2 0.635468 0.462355 0.634112 0.501110 0.736910 0.500310 0.738422 0.464261
1 0.839318 0.466499 0.836166 0.502489 0.892147 0.503823 0.895616 0.467137
1 0.840068 0.895470 0.836960 0.918352 0.879795 0.919393 0.882862 0.895097
2 0.934162 0.897437 0.930774 0.921998 1.000000 0.924229 1.000000 0.899529
3 0.822042 0.721332 0.872918 0.722630 0.873396 0.689526 0.822392 0.689875
3 0.876213 0.691469 0.874213 0.723182 0.920960 0.724978 0.927118 0.691182
2 0.857660 0.168696 0.855293 0.212056 0.973535 0.214660 0.975943 0.168696
1 0.771320 0.170492 0.770148 0.213214 0.835315 0.211963 0.837315 0.169015
1 0.682962 0.168230 0.681743 0.213448 0.747022 0.213035 0.748520 0.167794
1 0.610954 0.170228 0.610266 0.212258 0.673370 0.212515 0.675300 0.167678
1 0.536019 0.168867 0.535261 0.214287 0.598237 0.212950 0.598843 0.169450
1 0.456845 0.168261 0.455283 0.212375 0.518719 0.211994 0.518153 0.168028
1 0.391555 0.169038 0.392710 0.211994 0.453778 0.211675 0.454425 0.167476
1 0.302620 0.167538 0.302486 0.210345 0.366027 0.210695 0.365070 0.166613
1 0.190314 0.167157 0.190967 0.209475 0.253575 0.210579 0.252788 0.166986
1 0.093658 0.167336 0.095833 0.208954 0.156348 0.208518 0.155613 0.166379
0 0.045459 0.165827 0.046396 0.209038 0.077225 0.210207 0.075699 0.165392
1 0.925595 0.467340 0.922444 0.503789 0.953744 0.501811 0.963542 0.466450
3 0.033990 0.725767 0.036478 0.756165 0.000000 0.755060 0.000000 0.724109
