2 0.589228 0.941719 0.590598 0.973663 0.669085 0.972814 0.666346 0.940855
2 0.399486 0.946735 0.399486 0.977959 0.478320 0.977573 0.477462 0.943840
2 0.245834 0.948266 0.241545 0.980414 0.321953 0.979103 0.322260 0.945795
2 0.099968 0.951751 0.095666 0.983180 0.176768 0.982846 0.174512 0.952342
2 0.251046 0.696807 0.256069 0.724197 0.319924 0.724841 0.321555 0.695019
2 0.390577 0.695352 0.388655 0.723993 0.470808 0.721318 0.468871 0.693026
2 0.500284 0.690647 0.499938 0.723053 0.578204 0.722462 0.577403 0.691071
2 0.653328 0.693617 0.655652 0.721689 0.734361 0.722075 0.730156 0.691753
2 0.051899 0.697285 0.046186 0.729040 0.128756 0.729508 0.133036 0.695660
2 0.787102 0.694731 0.790574 0.721750 0.867623 0.720053 0.862657 0.696761
3 0.799996 0.440818 0.804229 0.468170 0.882274 0.467783 0.878000 0.441151
2 0.699613 0.440984 0.703238 0.469958 0.783232 0.467579 0.780050 0.442939
2 0.555201 0.442091 0.555906 0.468761 0.634961 0.468079 0.633177 0.441742
2 0.458330 0.439416 0.457625 0.468132 0.536527 0.468170 0.534147 0.438181
2 0.242028 0.438901 0.238391 0.465700 0.321124 0.467064 0.323839 0.437332
1 0.100162 0.398264 0.099263 0.429808 0.145338 0.429268 0.146116 0.397683
1 0.033528 0.397365 0.032326 0.428564 0.078818 0.428331 0.081081 0.397676
0 0.155948 0.398638 0.153902 0.429513 0.179644 0.429808 0.180002 0.399524
0 0.928085 0.490454 0.929676 0.518032 0.952905 0.515910 0.950996 0.487060
3 0.023792 0.697204 0.018396 0.729581 0.000000 0.729253 0.000245 0.697204
