0 0.058528 0.160726 0.057118 0.199971 0.085150 0.198574 0.086900 0.161669
0 0.119502 0.159791 0.109683 0.192966 0.137019 0.198104 0.147179 0.162601
0 0.170311 0.168210 0.166453 0.205106 0.194843 0.208386 0.197641 0.169143
0 0.214824 0.178957 0.210955 0.213988 0.239335 0.214921 0.241446 0.180355
0 0.293661 0.156996 0.288400 0.192032 0.315739 0.194836 0.319943 0.158398
0 0.335363 0.161663 0.337456 0.203239 0.363735 0.200444 0.361639 0.159329
0 0.395981 0.188764 0.394931 0.226607 0.424367 0.228478 0.423316 0.192029
0 0.450304 0.178020 0.448897 0.218661 0.476577 0.217726 0.477281 0.179418
0 0.502167 0.178950 0.498660 0.219127 0.525289 0.220527 0.528793 0.179882
0 0.551226 0.174747 0.548768 0.214461 0.575745 0.216791 0.578202 0.175675
0 0.599231 0.171472 0.595728 0.211185 0.625506 0.211191 0.625158 0.171938
0 0.668269 0.175212 0.663358 0.211658 0.690339 0.217261 0.695247 0.178477
0 0.716628 0.180819 0.715225 0.217265 0.743965 0.217733 0.742555 0.181757
0 0.774791 0.182225 0.774095 0.219601 0.801072 0.221003 0.801068 0.181750
0 0.828296 0.163531 0.828649 0.203241 0.855976 0.199973 0.854573 0.162125
0 0.879806 0.146711 0.882958 0.180347 0.910635 0.178014 0.905735 0.145303
0 0.924665 0.168665 0.926765 0.203249 0.953394 0.204646 0.951291 0.169608
0 0.929570 0.395750 0.930275 0.435454 0.959005 0.432199 0.955150 0.394356
0 0.865085 0.406955 0.860532 0.445270 0.887861 0.448076 0.892067 0.407903
0 0.782385 0.404628 0.782039 0.443406 0.810070 0.445273 0.809012 0.403218
0 0.716153 0.409298 0.715810 0.447611 0.743488 0.445743 0.742782 0.408828
0 0.647832 0.413502 0.648174 0.452742 0.676903 0.453212 0.675154 0.413503
0 0.596308 0.401820 0.597012 0.440134 0.624338 0.438266 0.621888 0.399485
0 0.532892 0.392010 0.537086 0.425646 0.563719 0.422847 0.561626 0.388274
0 0.442140 0.427516 0.442814 0.465829 0.469104 0.463965 0.469120 0.427057
0 0.373437 0.402290 0.374840 0.440120 0.404972 0.440130 0.403927 0.398558
0 0.292612 0.399956 0.295057 0.439664 0.322738 0.439196 0.321339 0.398551
0 0.214115 0.391541 0.214461 0.433127 0.243196 0.431719 0.242497 0.394799
0 0.127903 0.411630 0.129655 0.450881 0.158386 0.451346 0.155944 0.410700
0 0.057124 0.383604 0.051854 0.421911 0.079897 0.421914 0.085163 0.383606
0 0.072544 0.644438 0.069381 0.682276 0.097767 0.682279 0.099522 0.643976
0 0.165408 0.628084 0.164694 0.667797 0.191679 0.666391 0.191333 0.627146
0 0.257912 0.669189 0.260367 0.706118 0.288051 0.706105 0.285247 0.665457
0 0.358146 0.640704 0.360588 0.679011 0.388620 0.676211 0.386525 0.638361
0 0.531600 0.643043 0.531949 0.681346 0.559275 0.680411 0.557875 0.642096
0 0.708559 0.706565 0.707857 0.670599 0.733792 0.669664 0.736240 0.705646
0 0.922210 0.656470 0.923607 0.695248 0.949528 0.695245 0.946028 0.655996
