1 0.098704 0.243980 0.096055 0.265598 0.152293 0.263687 0.154175 0.242521
2 0.170582 0.242233 0.168074 0.263870 0.269043 0.260107 0.270925 0.238000
2 0.296224 0.237178 0.294816 0.259160 0.398862 0.255874 0.400739 0.233412
2 0.433099 0.234941 0.432322 0.255392 0.539022 0.252685 0.539341 0.230004
1 0.578851 0.229063 0.578851 0.249759 0.639057 0.247877 0.639057 0.224830
1 0.682957 0.224830 0.681702 0.245996 0.744416 0.244115 0.744416 0.222008
1 0.788316 0.222008 0.789571 0.243809 0.852246 0.241680 0.850772 0.220432
0 0.883015 0.219656 0.883752 0.241511 0.914779 0.240294 0.913744 0.217276
2 0.116021 0.405000 0.114908 0.423738 0.212115 0.423085 0.211974 0.402648
2 0.228279 0.402178 0.227025 0.422874 0.324232 0.421933 0.322978 0.402178
2 0.357854 0.400220 0.357893 0.421780 0.456214 0.419869 0.456559 0.398885
2 0.494712 0.398127 0.495096 0.418928 0.595784 0.416759 0.594953 0.395257
2 0.630277 0.393711 0.631531 0.415818 0.733755 0.413466 0.732501 0.389478
2 0.772638 0.389478 0.773265 0.411585 0.881760 0.409704 0.881133 0.385715
2 0.150514 0.569154 0.148812 0.589111 0.239657 0.588103 0.240464 0.568012
2 0.252738 0.568684 0.252738 0.587028 0.343673 0.587028 0.343046 0.566332
2 0.371267 0.566332 0.373149 0.586087 0.465070 0.586087 0.464711 0.565391
2 0.494187 0.567273 0.493918 0.586356 0.587004 0.585146 0.587631 0.565391
2 0.628395 0.564921 0.631262 0.586154 0.728738 0.585280 0.726856 0.565391
2 0.763858 0.563980 0.764395 0.586692 0.865634 0.585213 0.865455 0.565190
2 0.301655 0.698032 0.300401 0.713553 0.389455 0.715905 0.389455 0.696621
2 0.174972 0.698502 0.174345 0.717787 0.260264 0.716375 0.259636 0.697561
2 0.529307 0.697561 0.529307 0.716846 0.619615 0.718727 0.619615 0.699443
2 0.654735 0.698972 0.655362 0.718727 0.748179 0.720138 0.745671 0.698972
3 0.001254 0.659462 0.042018 0.658992 0.040137 0.676395 0.000627 0.677806
2 0.018187 0.813739 0.015679 0.832553 0.096580 0.833494 0.097834 0.816091
2 0.196922 0.814680 0.193428 0.832217 0.277286 0.834233 0.278451 0.814209
2 0.306672 0.816561 0.304791 0.835375 0.390082 0.837257 0.390709 0.817972
2 0.440880 0.817972 0.438999 0.837257 0.526171 0.838870 0.525275 0.817502
2 0.694872 0.822676 0.696127 0.841960 0.785808 0.842901 0.782045 0.823617
2 0.823436 0.824087 0.823436 0.843842 0.918134 0.845253 0.914999 0.824557
2 0.319117 0.939996 0.319565 0.956324 0.396801 0.958407 0.396622 0.941138
2 0.422693 0.941676 0.423947 0.956257 0.501086 0.959549 0.501713 0.943087
2 0.550630 0.945439 0.551884 0.961901 0.634667 0.963783 0.634667 0.945909
2 0.661007 0.946850 0.661634 0.964253 0.744416 0.964723 0.746298 0.950613 0.667278 0.946379
2 0.793960 0.950613 0.793960 0.967075 0.881133 0.969427 0.879252 0.952024
0 0.037001 0.282707 0.040316 0.306561 0.071225 0.305956 0.069613 0.284589
2 0.220378 0.935499 0.220378 0.953237 0.301541 0.955253 0.302079 0.937515
