2 0.159897 0.091091 0.158585 0.123302 0.246814 0.125945 0.248320 0.093918
2 0.040603 0.523683 0.045147 0.550922 0.124640 0.552313 0.120669 0.524908
2 0.186915 0.293010 0.187854 0.323352 0.270247 0.325203 0.269543 0.294722
2 0.188545 0.533417 0.188324 0.505156 0.270241 0.507596 0.270593 0.534061
2 0.283701 0.508664 0.283687 0.534190 0.360846 0.536511 0.360507 0.510368
2 0.383602 0.509116 0.382677 0.536990 0.435241 0.539025 0.435359 0.512210
2 0.591740 0.103342 0.681082 0.107209 0.680633 0.140194 0.591174 0.138619
2 0.641984 0.519365 0.642212 0.548114 0.576539 0.544605 0.576332 0.517182
2 0.772612 0.524595 0.772184 0.551696 0.849121 0.553234 0.849798 0.524540
2 0.218843 0.687333 0.216384 0.714158 0.288466 0.716156 0.289868 0.689516
2 0.307597 0.689995 0.306547 0.716920 0.377828 0.718458 0.378264 0.691965
2 0.259302 0.890769 0.258389 0.913949 0.323202 0.917169 0.324278 0.892582
1 0.393913 0.895575 0.394217 0.919198 0.429435 0.919833 0.430804 0.896449
1 0.532462 0.899304 0.531634 0.923891 0.567013 0.924335 0.568258 0.899938
2 0.593614 0.900763 0.593605 0.925209 0.658294 0.926299 0.658389 0.902689
2 0.673054 0.904375 0.673530 0.928176 0.738229 0.926351 0.737782 0.905314
2 0.652537 0.701413 0.652296 0.727280 0.723432 0.728496 0.723459 0.704866
2 0.758532 0.705272 0.758317 0.732078 0.828169 0.733938 0.829440 0.707611
