2 0.468950 0.747020 0.467690 0.742900 0.396360 0.744750 0.395440 0.753380 0.395060 0.760850 0.468640 0.760150
2 0.362280 0.458860 0.365080 0.461480 0.416430 0.461310 0.438135 0.460710 0.439310 0.449580 0.435810 0.446080 0.364850 0.445200
2 0.682770 0.743520 0.681390 0.740350 0.662620 0.740480 0.612750 0.741070 0.610640 0.743520 0.611810 0.755950 0.612460 0.757880 0.683760 0.757080
2 1.000000 0.464400 0.960240 0.464220 0.947480 0.464720 0.950040 0.478200 0.950810 0.480120 1.000000 0.480470
2 0.334270 0.447300 0.263070 0.445380 0.258400 0.447300 0.257470 0.458860 0.274040 0.460780 0.331930 0.460430 0.334970 0.458510
2 0.350140 0.845410 0.349950 0.837810 0.306640 0.838830 0.278380 0.839840 0.275780 0.850510 0.349440 0.849440
2 0.981560 0.747020 0.978880 0.735880 0.973490 0.735580 0.928700 0.736280 0.912200 0.736680 0.911640 0.752640 0.981950 0.752120
3 0.000000 0.525040 0.000000 0.541780 0.006140 0.541950 0.015610 0.541340 0.018440 0.537990 0.019610 0.529760 0.018440 0.525740 0.017270 0.525040
1 0.040790 0.341200 0.085880 0.340660 0.085520 0.357570 0.040080 0.357300
1 0.109490 0.341200 0.154220 0.341200 0.153500 0.358100 0.109130 0.357830
1 0.050810 0.423580 0.094820 0.423580 0.092320 0.439420 0.047590 0.439690
1 0.138120 0.424120 0.182490 0.424660 0.181770 0.440490 0.136690 0.440220
2 0.237590 0.342270 0.236880 0.358370 0.315240 0.359440 0.315950 0.344150
2 0.394310 0.345490 0.315240 0.344680 0.314520 0.359180 0.394670 0.361320
2 0.569650 0.346560 0.645500 0.347100 0.647290 0.362130 0.571080 0.361860
2 0.484840 0.446390 0.485560 0.461960 0.560700 0.461960 0.558910 0.445590
2 0.661600 0.446390 0.662680 0.461690 0.738180 0.461960 0.736030 0.445590
1 0.943460 0.347640 0.983180 0.348170 0.986760 0.363200 0.945970 0.363200
3 0.991050 0.349250 1.000000 0.348710 1.000000 0.362930 0.993920 0.362930
3 0.996060 0.559640 0.999280 0.574400 0.957780 0.574940 0.957060 0.571990 0.961710 0.566890 0.961000 0.560450
3 0.913050 0.382520 0.927720 0.381180 0.924860 0.397280 0.910550 0.397550
1 0.066200 0.525560 0.109850 0.524760 0.108060 0.541130 0.063330 0.541660
1 0.158160 0.524490 0.200740 0.523950 0.200380 0.539520 0.155290 0.539780
2 0.261920 0.561250 0.336350 0.559910 0.335990 0.576280 0.261210 0.577620
2 0.372490 0.561250 0.371410 0.576010 0.446910 0.575480 0.445480 0.559910
2 0.253690 0.655990 0.251550 0.671010 0.326690 0.669400 0.327760 0.654380
1 0.027190 0.621900 0.025050 0.637740 0.067630 0.636930 0.070850 0.621640
2 0.482700 0.651690 0.553900 0.650620 0.555690 0.666990 0.483410 0.667530
2 0.585030 0.650890 0.656950 0.650080 0.658380 0.667530 0.585390 0.667530
2 0.699170 0.650350 0.770740 0.650350 0.772170 0.666450 0.699890 0.666720
2 0.997140 0.650080 1.000000 0.666180 0.952770 0.666450 0.950980 0.650350
2 0.253950 0.746690 0.326230 0.745080 0.326230 0.761720 0.252880 0.763060
2 0.521240 0.829080 0.522310 0.845720 0.592450 0.844110 0.591370 0.827470
2 0.684410 0.825860 0.684760 0.841960 0.753460 0.840890 0.752750 0.824250
2 0.903390 0.822370 0.906610 0.839280 0.973880 0.838200 0.968150 0.820760
2 0.907330 0.919490 0.908760 0.932910 0.975310 0.930760 0.972810 0.915730
2 0.553945 0.929613 0.554665 0.947564 0.626295 0.944797 0.623930 0.926740
2 0.265040 0.938010 0.273270 0.941500 0.273630 0.952770 0.276490 0.954650 0.331600 0.953300 0.332310 0.935590
1 0.074070 0.822610 0.072280 0.839250 0.030770 0.839790 0.031850 0.831740
1 0.089810 0.822340 0.131320 0.821000 0.129890 0.838180 0.088380 0.838710
1 0.172470 0.820200 0.171040 0.836570 0.211830 0.836030 0.213260 0.819390
2 0.000360 0.943640 0.047950 0.942570 0.046520 0.959210 0.000000 0.960425
2 0.079750 0.714350 0.077590 0.730720 0.153020 0.729750 0.155390 0.712080
2 0.000220 0.714840 0.052730 0.714350 0.050790 0.731050 0.000220 0.732340
