1 0.256480 0.305730 0.336110 0.305730 0.336110 0.326040 0.256480 0.326040
1 0.550000 0.298440 0.630560 0.298440 0.630560 0.320830 0.550000 0.320830
1 0.351850 0.706250 0.425000 0.706250 0.425000 0.729170 0.351850 0.729170
1 0.101850 0.709900 0.169440 0.709900 0.169440 0.729690 0.099202 0.731924
1 0.118520 0.305730 0.200000 0.305730 0.200000 0.327600 0.118520 0.327600
1 0.168520 0.814580 0.237040 0.814580 0.237040 0.838540 0.168520 0.838540
1 0.317590 0.816150 0.384260 0.816150 0.384260 0.838540 0.317590 0.838540
1 0.875220 0.287500 0.962040 0.287500 0.962040 0.311980 0.875220 0.311980
1 0.273150 0.592655 0.345922 0.592290 0.347220 0.613020 0.273799 0.614115
1 0.489810 0.706250 0.559260 0.706250 0.559260 0.727600 0.489810 0.727600
1 0.416670 0.300000 0.498150 0.300000 0.498150 0.322920 0.416670 0.322920
1 0.492590 0.588020 0.560190 0.588020 0.560190 0.609380 0.492590 0.609380
1 0.708330 0.293750 0.787960 0.293750 0.787960 0.317710 0.708330 0.317710
3 0.000000 0.593750 0.058330 0.593750 0.058330 0.617710 0.000000 0.617710
1 0.790740 0.590100 0.870370 0.590100 0.870370 0.607290 0.790740 0.607290
1 0.644440 0.703650 0.716670 0.703650 0.716670 0.726040 0.644440 0.726040
1 0.003700 0.818230 0.073150 0.818230 0.073150 0.840620 0.003700 0.840620
1 0.170140 0.468620 0.250160 0.468620 0.250160 0.488450 0.170140 0.488450
1 0.479630 0.815620 0.547220 0.815620 0.547220 0.838020 0.479630 0.838020
1 0.399070 0.592190 0.462960 0.592190 0.462960 0.610940 0.399070 0.610940
1 0.479799 0.465620 0.553700 0.464525 0.553700 0.483850 0.479799 0.485310
1 0.801850 0.702600 0.878700 0.702600 0.878700 0.726040 0.801850 0.726040
3 0.955560 0.816150 1.000000 0.816150 1.000000 0.838540 0.955560 0.838540
1 0.590740 0.817710 0.658330 0.817710 0.658330 0.837500 0.590740 0.837500
1 0.084648 0.594325 0.159260 0.593230 0.157314 0.614945 0.084648 0.616770
1 0.821300 0.815620 0.889810 0.815620 0.889810 0.838020 0.821300 0.838020
1 0.715740 0.818230 0.783330 0.818230 0.783330 0.838540 0.715740 0.838540
1 0.168520 0.596880 0.243357 0.597245 0.242708 0.614370 0.168520 0.615100
1 0.770060 0.462020 0.853700 0.462020 0.853700 0.480290 0.770060 0.480290
2 0.541240 0.139580 0.689400 0.139580 0.689400 0.166670 0.541240 0.166670
1 0.608720 0.589060 0.680560 0.589060 0.680560 0.608330 0.608720 0.608330
2 0.565740 0.937500 0.674070 0.937500 0.674070 0.958850 0.565740 0.958850
2 0.079690 0.153410 0.216400 0.153410 0.216400 0.177360 0.079690 0.177360
2 0.764000 0.135590 0.764130 0.159970 0.924650 0.157710 0.924650 0.130630
2 0.275490 0.938500 0.276490 0.957110 0.392860 0.955980 0.389850 0.938500
2 0.116500 0.936660 0.120990 0.956550 0.231350 0.957680 0.225330 0.937370
