2 0.296394 0.219747 0.296258 0.244731 0.409952 0.245339 0.408987 0.220754
2 0.694169 0.223521 0.693546 0.247430 0.805562 0.248650 0.806327 0.224601
2 0.874287 0.224742 0.873476 0.249049 0.984103 0.250805 0.984395 0.225929
2 0.696853 0.371230 0.697042 0.393553 0.803643 0.393553 0.804220 0.370583
2 0.848361 0.370257 0.848075 0.392547 0.954202 0.392692 0.952711 0.371414
2 0.291271 0.368784 0.291317 0.391579 0.398923 0.393193 0.399065 0.369576
2 0.041171 0.366123 0.041028 0.388019 0.150359 0.389561 0.150696 0.366625
2 0.025738 0.215968 0.026600 0.240563 0.140723 0.242250 0.141112 0.217768
2 0.069496 0.505997 0.070410 0.527674 0.175241 0.527387 0.174275 0.505710
2 0.249666 0.506318 0.250534 0.527425 0.351468 0.527494 0.351662 0.505997
2 0.825982 0.508225 0.824588 0.528321 0.925871 0.528753 0.925677 0.507471
2 0.097867 0.667882 0.097393 0.689165 0.194746 0.687866 0.194552 0.667484
2 0.212087 0.668495 0.211996 0.688484 0.308669 0.686539 0.308766 0.666910
2 0.609713 0.665907 0.607748 0.684958 0.698424 0.686898 0.699772 0.666083
2 0.738310 0.667668 0.738601 0.686937 0.833018 0.686577 0.832402 0.667338
2 0.764865 0.793161 0.764190 0.812104 0.853250 0.811637 0.853250 0.793302
2 0.605732 0.793550 0.604726 0.812571 0.694694 0.812605 0.694791 0.792869
2 0.215297 0.793229 0.215303 0.812070 0.306899 0.812027 0.306322 0.793233
2 0.112152 0.793409 0.111433 0.813398 0.203104 0.812138 0.204045 0.793122
2 0.135205 0.946764 0.136593 0.963081 0.221775 0.962614 0.221009 0.945616
2 0.500394 0.943093 0.500154 0.960494 0.585038 0.960353 0.585187 0.942416
2 0.911911 0.934503 0.911385 0.952046 0.993585 0.950611 0.994699 0.933030
2 0.935683 0.811277 0.936695 0.829792 1.000000 0.829214 1.000000 0.809011
