1 0.958960 0.269100 0.911940 0.269480 0.912990 0.285360 0.916220 0.285970 0.960190 0.285170
1 0.946080 0.360640 0.943740 0.358890 0.900250 0.360230 0.900640 0.363280 0.901960 0.375700 0.902350 0.377420 0.947710 0.376690 0.947710 0.373770
3 0.999980 0.790180 0.980370 0.790660 0.964520 0.791650 0.964520 0.794640 0.965640 0.805600 0.965670 0.807330 0.999980 0.805950
0 0.456760 0.808680 0.456580 0.810400 0.456540 0.815870 0.456790 0.821530 0.456800 0.826700 0.478290 0.826160 0.477590 0.810400 0.477500 0.808150 0.470120 0.808120
1 0.857140 0.271180 0.856170 0.269390 0.810920 0.270130 0.809520 0.271530 0.811620 0.284840 0.812280 0.286780 0.858370 0.286050 0.858840 0.283440
3 1.000000 0.700140 0.972820 0.701890 0.974490 0.710110 0.975490 0.716420 0.976360 0.718530 1.000000 0.717820
1 0.792480 0.271360 0.790850 0.269960 0.744810 0.270420 0.746730 0.287110 0.794470 0.286470 0.793880 0.283260
1 0.217040 0.273460 0.216520 0.291840 0.263770 0.292370 0.266340 0.290970 0.265950 0.274100
1 0.020750 0.301680 0.023500 0.321530 0.048700 0.322640 0.043830 0.302950
1 0.097390 0.275630 0.096120 0.292310 0.146300 0.292470 0.146300 0.274680
1 0.151170 0.275320 0.150960 0.292310 0.201350 0.291990 0.201560 0.273570
1 0.287950 0.274360 0.288160 0.291830 0.337700 0.291360 0.336220 0.273410
1 0.358880 0.275160 0.359510 0.291510 0.408000 0.291830 0.407360 0.273730
1 0.424090 0.274840 0.424300 0.291360 0.472360 0.290880 0.471510 0.273570
1 0.494590 0.273730 0.495230 0.290880 0.543710 0.290400 0.542650 0.272780
3 0.555150 0.272780 0.555990 0.290240 0.618660 0.289770 0.617390 0.271980
1 0.622480 0.271980 0.623750 0.289610 0.671380 0.288970 0.669690 0.271350
3 0.673080 0.271030 0.674140 0.288500 0.737440 0.287390 0.735960 0.270240
2 0.877620 0.488100 0.880590 0.505250 0.959770 0.503510 0.956600 0.486200
2 0.872540 0.589250 0.874660 0.606090 0.951730 0.604500 0.949610 0.587830
3 0.987080 0.587190 0.988990 0.603700 0.999790 0.603230 0.999790 0.587030
2 0.877410 0.703900 0.880160 0.720580 0.956170 0.718990 0.952570 0.702160
1 0.871270 0.793940 0.872750 0.810300 0.913400 0.809180 0.911920 0.793620
1 0.876990 0.925110 0.878890 0.942410 0.919760 0.940510 0.917430 0.923520
1 0.795470 0.925420 0.796950 0.941140 0.838880 0.939080 0.838030 0.923520
1 0.744020 0.928120 0.745290 0.943530 0.787640 0.942410 0.786370 0.926380
3 0.487620 0.937810 0.488470 0.954800 0.558340 0.951940 0.557700 0.934630
3 0.563840 0.934630 0.565330 0.951310 0.626510 0.948610 0.625030 0.932090
1 0.633930 0.931930 0.634560 0.948450 0.676690 0.947020 0.676060 0.930500
1 0.688970 0.930030 0.690670 0.946220 0.733010 0.943530 0.731320 0.928120
1 0.404410 0.941250 0.404630 0.957760 0.448030 0.956330 0.448030 0.939660
1 0.315910 0.945530 0.315490 0.960780 0.359740 0.959190 0.360160 0.943630
1 0.254920 0.945850 0.254920 0.963480 0.298960 0.961730 0.298530 0.944260
1 0.161550 0.950140 0.161120 0.967450 0.205590 0.965380 0.205590 0.947280
1 0.083000 0.955860 0.082360 0.972370 0.124920 0.971100 0.125980 0.953470
1 0.043620 0.957130 0.042980 0.973640 0.000210 0.975230 0.000210 0.958710
1 0.082150 0.956010 0.081510 0.972370 0.042560 0.973960 0.043190 0.958080
0 0.798220 0.797540 0.802250 0.814530 0.823210 0.813890 0.819610 0.796430
0 0.744870 0.799280 0.749530 0.816590 0.770490 0.816270 0.765410 0.798010
0 0.693840 0.800870 0.696170 0.818020 0.716920 0.817540 0.714170 0.799760
0 0.645780 0.802780 0.647260 0.819610 0.668230 0.819450 0.666950 0.802140
0 0.613600 0.803890 0.633500 0.802780 0.636680 0.820240 0.616140 0.821510
0 0.582050 0.804680 0.602800 0.803730 0.604500 0.821990 0.583320 0.822150
0 0.551560 0.805480 0.572950 0.804680 0.574640 0.822790 0.553470 0.823580
0 0.527850 0.806910 0.548600 0.806110 0.550080 0.823580 0.528700 0.824210
0 0.494820 0.807860 0.515150 0.807220 0.516420 0.824530 0.495460 0.825480
0 0.160080 0.817860 0.158600 0.835490 0.179980 0.833900 0.181040 0.817390
0 0.252290 0.815540 0.231140 0.816500 0.228520 0.834210 0.245880 0.833590 0.250960 0.833460
0 0.202640 0.816750 0.224660 0.816270 0.222540 0.834380 0.200310 0.834380
0 0.264250 0.815000 0.262770 0.833110 0.284790 0.832150 0.285640 0.814370
0 0.300030 0.814050 0.321630 0.813420 0.320780 0.830880 0.298760 0.832000
0 0.329460 0.813100 0.350420 0.812460 0.350420 0.829610 0.328620 0.830720
0 0.362700 0.811990 0.383670 0.811350 0.383240 0.828980 0.361430 0.829770
0 0.390860 0.811190 0.412460 0.810400 0.412670 0.828340 0.390860 0.829140
0 0.421990 0.810240 0.442950 0.809760 0.443160 0.827390 0.421560 0.827550
0 0.016730 0.827390 0.038750 0.826760 0.037900 0.843900 0.016090 0.844060
0 0.050180 0.826440 0.071780 0.825480 0.071140 0.842950 0.049330 0.843590
0 0.099930 0.824530 0.121320 0.823740 0.121320 0.841210 0.099090 0.841840
0 0.150110 0.726400 0.171710 0.725440 0.171070 0.742910 0.149690 0.744020
0 0.172770 0.725440 0.193940 0.724330 0.193310 0.742910 0.171500 0.743230
0 0.199230 0.724490 0.220830 0.724330 0.219770 0.742280 0.197750 0.742750
0 0.228880 0.723860 0.250680 0.723060 0.249840 0.741160 0.228030 0.742120
0 0.257670 0.722740 0.279060 0.721470 0.278630 0.740210 0.256820 0.740850
0 0.313570 0.721160 0.334950 0.720360 0.334740 0.738310 0.313140 0.739100
0 0.361200 0.719730 0.361630 0.737350 0.383440 0.736400 0.382590 0.718930
0 0.446740 0.716710 0.468550 0.716390 0.468970 0.733070 0.447380 0.733860
0 0.499250 0.714170 0.520420 0.714010 0.521060 0.731640 0.499890 0.732590
0 0.562130 0.713220 0.582880 0.712110 0.584580 0.729730 0.563400 0.730530
0 0.639840 0.711150 0.660800 0.710830 0.663130 0.728140 0.641320 0.728940
0 0.692560 0.709880 0.713940 0.708610 0.715850 0.726870 0.694460 0.727030
0 0.719450 0.708290 0.740410 0.707820 0.742310 0.726240 0.720720 0.726240
0 0.748240 0.707820 0.750990 0.725920 0.771950 0.725290 0.770050 0.707340
0 0.778940 0.707020 0.781690 0.724330 0.802440 0.724010 0.800110 0.707020
0 0.723700 0.632870 0.725600 0.650020 0.747830 0.649860 0.745290 0.632870
0 0.637100 0.634930 0.658490 0.634140 0.660810 0.651450 0.638160 0.651760
0 0.586290 0.635570 0.607670 0.634770 0.609150 0.652400 0.587770 0.652870
0 0.534200 0.636840 0.555800 0.636520 0.557070 0.653670 0.534630 0.653830
0 0.423050 0.639850 0.422830 0.656530 0.445070 0.656530 0.445070 0.639220
0 0.368210 0.641280 0.368000 0.659070 0.390020 0.658270 0.390440 0.640650
0 0.313580 0.643350 0.313370 0.660340 0.335810 0.659860 0.336240 0.642870
3 0.005080 0.651450 0.003390 0.668750 0.016510 0.668280 0.020110 0.650650
0 0.139530 0.648590 0.157310 0.647630 0.156470 0.665420 0.130000 0.666210 0.144610 0.655730
0 0.205370 0.646840 0.227820 0.645890 0.226550 0.663990 0.203890 0.664310
0 0.251740 0.645250 0.274400 0.644620 0.273550 0.662080 0.250470 0.662880
0 0.831250 0.360690 0.833160 0.378800 0.856450 0.377840 0.853910 0.359900
0 0.803730 0.361960 0.805210 0.379430 0.828080 0.378800 0.826810 0.361330
0 0.771550 0.363230 0.773030 0.380700 0.796950 0.378950 0.793780 0.361490
0 0.744230 0.362920 0.744230 0.380540 0.767950 0.380700 0.766680 0.363070
0 0.710780 0.364030 0.711630 0.381970 0.734920 0.381340 0.733220 0.363710
0 0.682620 0.364980 0.684100 0.382610 0.707390 0.381970 0.706120 0.364500
0 0.622280 0.366730 0.623340 0.384040 0.647050 0.383720 0.646210 0.365770
0 0.595390 0.367520 0.596030 0.384990 0.619320 0.384830 0.618470 0.366570
0 0.568080 0.367840 0.568710 0.384990 0.591790 0.385150 0.590940 0.367360
0 0.542880 0.368630 0.543730 0.386100 0.567230 0.385620 0.565960 0.368000
0 0.510910 0.368630 0.512180 0.386420 0.535470 0.385940 0.533990 0.368160
0 0.481060 0.369270 0.481910 0.387050 0.505410 0.386890 0.504140 0.368630
0 0.451840 0.369740 0.453110 0.387370 0.476190 0.386890 0.474710 0.369110
0 0.422620 0.370220 0.423890 0.388160 0.447610 0.387530 0.446120 0.369900
0 0.390860 0.370700 0.391710 0.387850 0.415000 0.387690 0.414370 0.370220
0 0.357620 0.370380 0.358890 0.388160 0.383030 0.388010 0.381760 0.370380
0 0.326690 0.370860 0.326690 0.388320 0.350620 0.388800 0.350830 0.371010
0 0.292180 0.370700 0.293240 0.389120 0.317380 0.388960 0.316110 0.370540
0 0.263810 0.370860 0.264450 0.389120 0.289010 0.388800 0.288580 0.370700
0 0.232050 0.371010 0.232900 0.389430 0.257880 0.389430 0.256820 0.371010
0 0.205590 0.371330 0.230150 0.370860 0.231420 0.388800 0.206640 0.389120
0 0.147150 0.371810 0.171500 0.370700 0.173620 0.388320 0.148840 0.389910
0 0.104170 0.371490 0.128520 0.372130 0.128520 0.389750 0.104590 0.389430
0 0.819400 0.469630 0.842260 0.468990 0.843530 0.486300 0.820880 0.486780
0 0.792300 0.469940 0.815160 0.469630 0.816650 0.486780 0.793570 0.486780
0 0.769430 0.470100 0.791240 0.470100 0.792930 0.486620 0.770280 0.487250
0 0.743810 0.470740 0.766890 0.470420 0.768580 0.487570 0.745510 0.488050
0 0.694900 0.472010 0.696810 0.488840 0.719670 0.488050 0.717980 0.471060
0 0.632020 0.473120 0.654460 0.472480 0.655730 0.489480 0.633080 0.489950
0 0.596870 0.474070 0.620160 0.473120 0.620590 0.490590 0.598140 0.490430
0 0.571890 0.474230 0.594760 0.473750 0.595600 0.490590 0.573370 0.490900
0 0.542880 0.474550 0.565540 0.474390 0.566380 0.491220 0.543940 0.491700
0 0.512180 0.475180 0.535260 0.474710 0.536530 0.492020 0.513660 0.492020
0 0.481060 0.475660 0.503710 0.475340 0.504560 0.492170 0.482120 0.492490
0 0.453750 0.475980 0.476190 0.475660 0.477250 0.492810 0.454590 0.492810
0 0.430030 0.476610 0.452690 0.475980 0.453320 0.493290 0.430670 0.493450
0 0.119430 0.480900 0.138060 0.480900 0.137430 0.498370 0.118800 0.498530
0 0.141660 0.480270 0.141450 0.498210 0.166010 0.497890 0.166430 0.479950
0 0.168550 0.480270 0.193320 0.479950 0.193110 0.497260 0.168760 0.497890
0 0.217670 0.479630 0.242020 0.479150 0.242020 0.496460 0.218100 0.496940
0 0.252610 0.479150 0.276530 0.478840 0.276960 0.495830 0.253030 0.496460
0 0.288600 0.478360 0.288810 0.495670 0.312740 0.495510 0.312310 0.478520
0 0.316120 0.478040 0.338990 0.478360 0.339630 0.495030 0.315910 0.495190
0 0.346610 0.477880 0.370330 0.477410 0.370330 0.494240 0.347040 0.494870
0 0.376250 0.477410 0.399330 0.477250 0.399760 0.494080 0.376890 0.494080
0 0.402300 0.477090 0.425380 0.476610 0.425800 0.493450 0.403360 0.493600
0 0.748890 0.552040 0.750800 0.569350 0.772820 0.568870 0.770490 0.551090
3 0.676910 0.553950 0.677960 0.570780 0.713750 0.570140 0.712900 0.552990
0 0.613390 0.555060 0.614870 0.572210 0.636890 0.571890 0.635200 0.553950
0 0.561520 0.556170 0.562360 0.573160 0.584170 0.572840 0.582900 0.555370
0 0.501170 0.557280 0.502020 0.574590 0.524250 0.574110 0.523190 0.556650
0 0.448660 0.558230 0.470470 0.557760 0.471530 0.574910 0.449090 0.575540
0 0.422410 0.558870 0.444640 0.558390 0.445280 0.575700 0.422410 0.576180
0 0.392350 0.559980 0.392350 0.576810 0.415210 0.576180 0.415000 0.559190
0 0.344710 0.561090 0.344710 0.578240 0.367570 0.577610 0.367150 0.560460
0 0.276530 0.562520 0.276110 0.579830 0.299400 0.579190 0.299400 0.562040
0 0.217440 0.564590 0.217650 0.581420 0.240940 0.581100 0.240940 0.563630
0 0.128940 0.567130 0.153500 0.566170 0.153710 0.583320 0.129360 0.584120 0.130000 0.577920 0.134020 0.575220
0 0.180180 0.565220 0.179330 0.582370 0.203260 0.582210 0.203680 0.564740
0 0.178270 0.565220 0.177850 0.582530 0.154350 0.583640 0.154560 0.566170
