1 0.540620 0.309170 0.540850 0.324400 0.584030 0.326160 0.583930 0.310410
2 0.501140 0.533890 0.501450 0.549690 0.578350 0.549460 0.576200 0.534330 0.522920 0.533850 0.511700 0.533770
2 0.371320 0.539260 0.371150 0.546040 0.371370 0.548030 0.449160 0.548780 0.448700 0.537780 0.448730 0.533250 0.372420 0.531950
2 0.267450 0.628400 0.266680 0.644780 0.345940 0.643790 0.345940 0.630780 0.345360 0.627640 0.293420 0.627800
1 0.470350 0.306720 0.470180 0.318450 0.469980 0.322450 0.514470 0.324340 0.514530 0.316420 0.514600 0.308110
2 0.486930 0.630250 0.487080 0.643000 0.559190 0.642830 0.560220 0.630430 0.560350 0.627630 0.487420 0.627250
2 0.470440 0.432830 0.470590 0.447480 0.471340 0.449050 0.547590 0.451990 0.547620 0.438730 0.547750 0.435560 0.490900 0.433540
2 0.248870 0.425970 0.247810 0.443090 0.331510 0.445370 0.331700 0.428860
2 0.002330 0.626590 0.000420 0.643380 0.084580 0.643460 0.084880 0.627070
3 0.885390 0.099790 0.884220 0.107670 0.888420 0.110290 0.900560 0.109070 0.904060 0.112220 0.908030 0.108190 0.919700 0.109590 0.924370 0.108190 0.932070 0.110120 0.935110 0.107670 0.934870 0.098740 0.888190 0.098040
2 0.458920 0.716740 0.383840 0.718460 0.383990 0.720240 0.384010 0.735290 0.391690 0.735120 0.453680 0.733600 0.459360 0.733600
3 0.981980 0.647600 0.982260 0.649330 0.983790 0.662080 0.988350 0.662550 0.999770 0.662380 1.000000 0.647540 0.993820 0.647380
3 0.349210 0.102420 0.349440 0.110990 0.360880 0.107670 0.375820 0.109240 0.388660 0.108190 0.404060 0.110290 0.407800 0.107670 0.406400 0.103470 0.401030 0.102420 0.368580 0.102240 0.356210 0.100670
3 0.349440 0.102420 0.349670 0.111170 0.351070 0.110120 0.356910 0.109770 0.361110 0.108370 0.376750 0.108370 0.379080 0.103470 0.353870 0.100490
1 0.392270 0.302860 0.438640 0.305060 0.437370 0.320960 0.392060 0.318900
1 0.624750 0.311910 0.624750 0.327630 0.669420 0.328900 0.669850 0.312710
1 0.698000 0.314140 0.699280 0.329540 0.742470 0.330490 0.740350 0.315090
1 0.766820 0.316040 0.768510 0.331450 0.811280 0.332400 0.809160 0.317150
1 0.840990 0.318270 0.842900 0.333670 0.885030 0.335570 0.882490 0.320170
1 0.903880 0.320960 0.905360 0.336840 0.946430 0.338430 0.945160 0.322240
3 0.983910 0.324140 0.983700 0.340500 0.999580 0.340970 0.999580 0.324780
2 0.753550 0.440850 0.752920 0.456260 0.828930 0.458800 0.828290 0.442600
3 0.966970 0.405440 0.967390 0.421010 0.999790 0.421640 0.999580 0.406400
2 0.734500 0.536290 0.737880 0.551380 0.811140 0.553920 0.808810 0.537880
1 0.938810 0.576780 0.941560 0.591550 0.979460 0.591870 0.975440 0.576310
1 0.953210 0.500720 0.955330 0.516280 0.993220 0.516600 0.989200 0.501200
2 0.626300 0.534860 0.628630 0.549630 0.702740 0.551220 0.698930 0.535810
2 0.255360 0.532000 0.254300 0.546770 0.334970 0.547410 0.335810 0.530420 0.259170 0.530730
2 0.676270 0.627920 0.747410 0.627920 0.748470 0.643950 0.676480 0.643000
1 0.925470 0.647450 0.927170 0.662060 0.964010 0.662210 0.962950 0.646650
2 0.667380 0.717000 0.738090 0.717480 0.740420 0.733670 0.669070 0.733670
2 0.779590 0.717630 0.781710 0.733510 0.850730 0.733830 0.848620 0.717320
2 0.679660 0.803070 0.681780 0.820060 0.751430 0.818630 0.748680 0.801480
2 0.793360 0.801320 0.795470 0.817200 0.862170 0.816250 0.859410 0.800680
2 0.900700 0.814980 0.902390 0.829110 0.965070 0.828470 0.963790 0.813700
2 0.703160 0.896280 0.704640 0.912000 0.770700 0.909460 0.770070 0.894850
2 0.903450 0.893100 0.905780 0.907710 0.967820 0.904850 0.966340 0.890560
2 0.548180 0.900880 0.548810 0.916920 0.617410 0.914540 0.617200 0.898820
2 0.398910 0.905490 0.398700 0.922000 0.470260 0.919300 0.470050 0.902790
2 0.265310 0.911050 0.264460 0.926290 0.337720 0.923270 0.338360 0.907080
2 0.006990 0.813070 0.006140 0.829740 0.084270 0.828950 0.085330 0.812430
2 0.391060 0.808310 0.463260 0.807190 0.464320 0.823870 0.391270 0.825460
2 0.252800 0.810690 0.327750 0.809420 0.326910 0.826570 0.251740 0.827520
2 0.533130 0.716200 0.533970 0.733670 0.606600 0.732240 0.605110 0.716050
2 0.253010 0.719860 0.250680 0.736530 0.328600 0.735740 0.329450 0.718110
3 0.000000 0.398030 0.020970 0.398990 0.018410 0.415670 0.000260 0.415100
2 0.347980 0.429090 0.346950 0.445200 0.427240 0.448270 0.428000 0.431590
2 0.590870 0.436570 0.590610 0.452870 0.667060 0.454410 0.667060 0.438680
1 0.248770 0.294670 0.248520 0.312310 0.296330 0.314420 0.296590 0.297740
1 0.304770 0.297550 0.303230 0.314810 0.350530 0.316920 0.351040 0.299850
3 0.986190 0.889930 0.988490 0.904310 0.999490 0.904310 0.999740 0.889160
2 0.909490 0.736330 0.911540 0.750520 0.975970 0.749560 0.972900 0.735180
3 0.974430 0.734800 0.977500 0.749950 1.000000 0.749760 0.999490 0.734030
