0 0.522304 0.171771 0.520306 0.260107 0.580906 0.259966 0.583222 0.170439
0 0.628821 0.564269 0.627058 0.631329 0.677437 0.625691 0.680327 0.557781
0 0.513316 0.573901 0.513316 0.637816 0.567244 0.633822 0.568242 0.568405
0 0.318575 0.577584 0.322570 0.647137 0.378389 0.647449 0.375287 0.576565
0 0.214926 0.571946 0.222363 0.640621 0.276206 0.644474 0.269640 0.575545
0 0.606192 0.889481 0.606744 0.946313 0.654128 0.935802 0.654702 0.883730
0 0.532056 0.900870 0.531292 0.956059 0.582224 0.950732 0.583222 0.892144
0 0.228695 0.896138 0.230352 0.954444 0.279967 0.959770 0.275632 0.902796
1 0.008988 0.550217 0.007437 0.583817 0.014631 0.586020 0.017664 0.590361 0.060689 0.590640 0.061137 0.587156 0.069163 0.583647 0.068250 0.550387
0 0.235169 0.171357 0.241863 0.257035 0.225798 0.256440 0.225798 0.240970 0.182066 0.233830 0.176712 0.171952
3 0.049979 0.945856 0.049087 0.982745 0.000000 0.984530 0.000892 0.948236
3 0.029006 0.301064 0.028113 0.343308 0.000446 0.342713 0.000000 0.300469
