0 0.015478 0.316613 0.011250 0.329872 0.027503 0.329540 0.030568 0.316453
0 0.038180 0.315846 0.035280 0.329071 0.051980 0.328836 0.054239 0.315601
0 0.065381 0.314986 0.062268 0.328692 0.079181 0.327890 0.081932 0.314003
0 0.099301 0.313266 0.097171 0.327634 0.112574 0.326539 0.113704 0.323892 0.112190 0.314204 0.110458 0.312539
1 0.114540 0.333298 0.116343 0.348291 0.142725 0.348414 0.138792 0.333421
1 0.182380 0.310316 0.179758 0.323589 0.215644 0.322729 0.216791 0.308841
1 0.221707 0.308473 0.219577 0.322237 0.255627 0.321377 0.256446 0.307489
1 0.268900 0.306506 0.266606 0.321008 0.304786 0.319533 0.305769 0.305154
1 0.322155 0.304294 0.321172 0.319288 0.359844 0.317444 0.359844 0.301836
1 0.377705 0.302574 0.376230 0.317198 0.415721 0.316092 0.417196 0.300607
1 0.430469 0.300116 0.429158 0.315355 0.468977 0.314003 0.470452 0.298395
1 0.489951 0.297535 0.488968 0.313020 0.530589 0.310931 0.531409 0.295937
3 0.542551 0.295937 0.541568 0.310931 0.598756 0.308350 0.599248 0.292742
1 0.604492 0.293233 0.603017 0.307981 0.647096 0.305892 0.648243 0.289424
3 0.652176 0.289669 0.651029 0.305892 0.712150 0.302451 0.712969 0.286720
1 0.721818 0.286105 0.721818 0.302451 0.768519 0.299624 0.769502 0.282541
1 0.787527 0.282664 0.787363 0.298887 0.837341 0.296429 0.836358 0.279838
1 0.898077 0.277625 0.897258 0.294954 0.949366 0.292373 0.948875 0.274922
1 0.888527 0.369693 0.888237 0.386675 0.939329 0.385804 0.938167 0.368822
0 0.812470 0.371870 0.812760 0.388853 0.836855 0.387764 0.836565 0.371217
0 0.783151 0.372741 0.783441 0.389941 0.807245 0.389288 0.806374 0.372306
0 0.750057 0.373612 0.750347 0.391030 0.774732 0.390159 0.772410 0.372959
0 0.723640 0.374483 0.721028 0.391247 0.744541 0.391247 0.746574 0.373612
0 0.689676 0.375572 0.689386 0.392554 0.712029 0.392118 0.711738 0.375136
0 0.662098 0.376443 0.661808 0.393642 0.685031 0.392989 0.685031 0.376225
0 0.606071 0.379708 0.604620 0.394949 0.626682 0.394949 0.627843 0.378837
0 0.581106 0.380144 0.579655 0.395384 0.600265 0.395384 0.602297 0.379926
0 0.556431 0.381015 0.555270 0.396255 0.575590 0.396037 0.576752 0.380579
0 0.533498 0.381668 0.532917 0.397561 0.552948 0.396473 0.553528 0.381015
0 0.505920 0.382539 0.505630 0.397561 0.525660 0.397344 0.524789 0.381450
0 0.479503 0.382756 0.478632 0.397997 0.499243 0.397997 0.498953 0.381886
0 0.453957 0.383627 0.453957 0.398868 0.473697 0.398215 0.473988 0.383410
0 0.430444 0.384280 0.429863 0.399303 0.449603 0.399085 0.449893 0.383627
0 0.352064 0.385369 0.352064 0.400174 0.370062 0.399956 0.370643 0.385587
0 0.377610 0.385151 0.377320 0.399956 0.395899 0.400392 0.396189 0.384934
0 0.404317 0.384280 0.403446 0.399303 0.422896 0.399521 0.423186 0.383845
0 0.325938 0.386022 0.325067 0.400827 0.343355 0.400392 0.344517 0.386022
0 0.304166 0.386022 0.303585 0.401250 0.321874 0.400975 0.322728 0.386022
0 0.261493 0.386675 0.260622 0.401332 0.278620 0.401045 0.278620 0.386675
0 0.280652 0.386675 0.280652 0.400609 0.298070 0.400827 0.298360 0.386893
0 0.218239 0.387111 0.218819 0.401698 0.236527 0.400609 0.236221 0.386470
0 0.187758 0.387329 0.186887 0.401891 0.203784 0.401904 0.204885 0.387546
1 0.039190 0.409101 0.037158 0.421293 0.068920 0.420903 0.069671 0.408012
1 0.025836 0.476158 0.023804 0.488786 0.054285 0.489222 0.056317 0.476376
1 0.074315 0.476594 0.071993 0.489439 0.091443 0.489222 0.094345 0.476812
0 0.212785 0.476594 0.211044 0.489222 0.198561 0.489222 0.200593 0.476376
0 0.216269 0.476594 0.214237 0.489222 0.230784 0.489875 0.233106 0.475941
0 0.235428 0.476376 0.233396 0.489657 0.251104 0.489657 0.252556 0.476594
0 0.271425 0.476594 0.269683 0.490746 0.287971 0.490528 0.287971 0.476812
0 0.297841 0.476594 0.296390 0.490746 0.314388 0.491834 0.314098 0.476594
0 0.325129 0.477465 0.323097 0.490746 0.341386 0.491399 0.342547 0.477247
0 0.346030 0.477682 0.344572 0.491814 0.362563 0.491399 0.364319 0.477682
0 0.370125 0.477465 0.368383 0.491617 0.387522 0.491617 0.389250 0.477267
0 0.394509 0.477682 0.393058 0.492052 0.411900 0.492052 0.412217 0.477247
0 0.416281 0.478118 0.415120 0.492270 0.432828 0.492270 0.433699 0.478118
0 0.438053 0.478118 0.437473 0.492270 0.455761 0.492270 0.456052 0.477682
0 0.458657 0.477495 0.456646 0.492892 0.476919 0.493333 0.478080 0.477277
0 0.482759 0.478336 0.481597 0.492270 0.500467 0.492705 0.501047 0.478336
0 0.508885 0.478553 0.508304 0.493358 0.527464 0.493358 0.528915 0.478553
0 0.536173 0.478553 0.535302 0.493576 0.555622 0.493141 0.555622 0.478336
0 0.562589 0.478989 0.561428 0.493576 0.581168 0.494011 0.582620 0.478553
0 0.585523 0.478553 0.585232 0.493794 0.604972 0.493794 0.604972 0.478989
0 0.618036 0.478771 0.617455 0.494011 0.638356 0.494011 0.638937 0.478118
0 0.677776 0.478508 0.677836 0.494665 0.700249 0.494928 0.700600 0.477912
0 0.726255 0.478886 0.726238 0.495215 0.749309 0.495158 0.750224 0.478726
0 0.751571 0.479424 0.751784 0.495248 0.775282 0.495318 0.775129 0.478886
0 0.775375 0.479424 0.775955 0.495523 0.799804 0.495844 0.799469 0.479207
0 0.804114 0.478989 0.804114 0.495318 0.828482 0.495536 0.828756 0.478680
2 0.866925 0.499684 0.867993 0.515463 0.957508 0.517558 0.955875 0.499890
2 0.865013 0.603089 0.865594 0.618548 0.951811 0.621813 0.951231 0.605920
0 0.733801 0.558239 0.733220 0.574568 0.755282 0.575221 0.755770 0.558526
0 0.602297 0.554973 0.601717 0.570431 0.621747 0.570867 0.622328 0.555191
0 0.553496 0.553691 0.553109 0.569319 0.573268 0.569778 0.573720 0.554054
0 0.500695 0.552796 0.499437 0.567504 0.518628 0.568375 0.519751 0.553139
0 0.454634 0.551223 0.453667 0.566295 0.472982 0.566827 0.474020 0.551635
0 0.433346 0.550837 0.431598 0.565844 0.450764 0.566173 0.452119 0.551078
0 0.408091 0.550183 0.406930 0.565206 0.425218 0.565641 0.426089 0.550837
0 0.369192 0.549095 0.368321 0.563464 0.385448 0.564117 0.387190 0.549966
0 0.316648 0.548006 0.314907 0.561940 0.331744 0.562811 0.332615 0.548659
0 0.272814 0.547353 0.270201 0.560852 0.287619 0.561505 0.289070 0.547571
0 0.243494 0.546918 0.242623 0.560198 0.259170 0.560852 0.260912 0.546918
0 0.225206 0.546047 0.223754 0.560198 0.240301 0.560198 0.240882 0.546047
0 0.207498 0.546264 0.206337 0.559328 0.222883 0.559763 0.223754 0.546264
0 0.088830 0.544740 0.086508 0.556715 0.100732 0.557150 0.103345 0.545394
0 0.068509 0.543652 0.067058 0.556280 0.081863 0.556280 0.084185 0.543216
0 0.048189 0.542999 0.044996 0.555844 0.060091 0.556062 0.062413 0.543216
0 0.009289 0.542128 0.007548 0.554102 0.021482 0.555191 0.024385 0.542563
1 0.022353 0.476594 0.019450 0.488351 0.000290 0.488351 0.000290 0.476594
0 0.066187 0.607662 0.062703 0.620072 0.077799 0.620942 0.079541 0.608097
0 0.102474 0.608750 0.099861 0.621596 0.112634 0.622249 0.115247 0.609621
0 0.262426 0.615935 0.258942 0.629216 0.276069 0.630087 0.279843 0.616153
0 0.297551 0.617023 0.294939 0.630958 0.311776 0.631828 0.314969 0.617459
0 0.346030 0.618765 0.343708 0.632699 0.360545 0.634441 0.363158 0.619854
0 0.389284 0.620725 0.386091 0.635312 0.404379 0.635965 0.406411 0.621813
0 0.433989 0.622902 0.431951 0.637697 0.450806 0.638451 0.452838 0.623671
0 0.213366 0.614629 0.208431 0.627256 0.223526 0.627910 0.227590 0.614411
0 0.530380 0.627039 0.528909 0.642375 0.548926 0.643145 0.550235 0.627915
0 0.577685 0.629434 0.576375 0.644654 0.596702 0.645748 0.597702 0.630087
0 0.625448 0.631499 0.624422 0.647287 0.645006 0.648360 0.646019 0.632264
0 0.709768 0.635965 0.709465 0.651960 0.730379 0.653165 0.730960 0.636836
2 0.875174 0.720223 0.875464 0.737858 0.960810 0.743737 0.960230 0.726755
0 0.768946 0.713914 0.768656 0.731524 0.791407 0.732633 0.791110 0.714998
0 0.737588 0.712056 0.737014 0.728912 0.759049 0.730446 0.759482 0.713585
0 0.707984 0.709990 0.706668 0.726730 0.728866 0.728279 0.728866 0.711514
0 0.681845 0.707823 0.680819 0.724998 0.701288 0.726537 0.702159 0.709119
0 0.629754 0.704441 0.629140 0.720968 0.649777 0.722400 0.650486 0.705636
0 0.557430 0.699332 0.555560 0.715520 0.575455 0.716608 0.576732 0.700076
0 0.500985 0.696056 0.499250 0.711398 0.517950 0.713023 0.519854 0.697362
0 0.456138 0.693332 0.453971 0.708770 0.472529 0.710076 0.474568 0.694750
0 0.384867 0.689742 0.382403 0.704092 0.400098 0.704765 0.401704 0.689742
0 0.346549 0.686694 0.343355 0.701499 0.360773 0.702588 0.363966 0.687565
0 0.303005 0.684081 0.299811 0.699104 0.316648 0.700066 0.319551 0.685170
0 0.280652 0.682557 0.277330 0.697454 0.294566 0.698228 0.297489 0.683210
0 0.258361 0.681251 0.255040 0.695833 0.271708 0.697236 0.274605 0.682122
0 0.238041 0.680380 0.235300 0.694745 0.251530 0.695833 0.254588 0.681251
0 0.221791 0.679499 0.219475 0.693970 0.234976 0.694851 0.237305 0.680496
0 0.096958 0.671454 0.094055 0.684081 0.109441 0.685605 0.111473 0.672542
0 0.048189 0.668188 0.045576 0.680380 0.060091 0.681251 0.062413 0.669494
0 0.004935 0.665357 0.002322 0.676461 0.016256 0.678203 0.018869 0.665575
0 0.009580 0.741124 0.005509 0.754284 0.020301 0.755701 0.023514 0.742764
0 0.032378 0.743408 0.030035 0.756345 0.044125 0.758435 0.046582 0.744719
0 0.050511 0.745159 0.048047 0.758628 0.062690 0.760056 0.065013 0.746466
0 0.125697 0.752446 0.123085 0.765702 0.138592 0.767119 0.140489 0.753762
0 0.148340 0.754187 0.146011 0.767889 0.161822 0.769311 0.163145 0.755711
0 0.183047 0.757129 0.180982 0.771165 0.196516 0.772679 0.198548 0.758329
0 0.243847 0.758216 0.240072 0.772366 0.223384 0.771603 0.227305 0.757017
0 0.259234 0.760066 0.255169 0.774651 0.271859 0.776284 0.275923 0.761698
0 0.280859 0.762133 0.276795 0.776827 0.293050 0.778246 0.297696 0.763660
0 0.306260 0.764638 0.302630 0.779333 0.320050 0.780857 0.323528 0.765727
0 0.334999 0.766815 0.331080 0.781944 0.348207 0.783686 0.351546 0.768121
0 0.358370 0.768666 0.354595 0.783906 0.372011 0.785646 0.375350 0.770299
0 0.385220 0.771387 0.381446 0.786625 0.399154 0.788152 0.402347 0.773347
0 0.408735 0.773564 0.405399 0.789019 0.423683 0.790545 0.426730 0.774871
0 0.434570 0.775742 0.431520 0.791200 0.449518 0.793158 0.452568 0.777701
0 0.464470 0.778572 0.461277 0.793595 0.479856 0.795336 0.483049 0.779878
0 0.497273 0.780967 0.494816 0.796972 0.513516 0.798810 0.516116 0.783154
0 0.527464 0.783797 0.524851 0.800111 0.544146 0.801969 0.546320 0.785757
0 0.548527 0.786096 0.546914 0.802086 0.566512 0.803924 0.568382 0.787494
0 0.576524 0.788587 0.574640 0.804577 0.594495 0.806329 0.596554 0.789676
0 0.606133 0.790764 0.605263 0.807407 0.624861 0.809357 0.625712 0.791630
0 0.637195 0.794030 0.635305 0.810112 0.655463 0.811878 0.656935 0.795772
0 0.684513 0.798602 0.683061 0.814278 0.703672 0.816020 0.704543 0.800344
0 0.736475 0.802739 0.736192 0.819261 0.758376 0.820800 0.757498 0.804045
0 0.792212 0.807311 0.792070 0.824597 0.814403 0.826349 0.813971 0.808932
1 0.870760 0.813524 0.870740 0.829291 0.916741 0.834096 0.916458 0.817326
1 0.859917 0.946850 0.860200 0.964172 0.906221 0.969238 0.905654 0.951962
1 0.775135 0.933770 0.774082 0.948735 0.818401 0.953898 0.818894 0.938253
1 0.720752 0.927817 0.719698 0.942306 0.764166 0.947580 0.764659 0.932822
1 0.664902 0.920704 0.664983 0.935827 0.707134 0.940685 0.707053 0.925973
1 0.611863 0.914381 0.611302 0.929615 0.651987 0.933983 0.652608 0.919123
3 0.547087 0.906400 0.545888 0.921619 0.603404 0.928287 0.603900 0.912324
3 0.479088 0.898838 0.477683 0.912801 0.539810 0.920538 0.540926 0.904653
1 0.409417 0.890844 0.407945 0.904214 0.443963 0.908322 0.445293 0.894790
1 0.337532 0.881978 0.335073 0.894887 0.370125 0.899370 0.371813 0.885828
1 0.288891 0.874573 0.285619 0.888804 0.320810 0.893147 0.322479 0.878989
1 0.218226 0.866067 0.215172 0.880134 0.248106 0.884224 0.251159 0.869665
1 0.162610 0.861814 0.160211 0.874900 0.189808 0.879243 0.192589 0.864807
1 0.104907 0.855271 0.101636 0.867375 0.131668 0.871244 0.133915 0.858542
1 0.160959 0.861814 0.158342 0.874736 0.131766 0.871309 0.134154 0.858926
1 0.075332 0.851934 0.071101 0.863613 0.099836 0.867523 0.104035 0.855107
1 0.040425 0.847444 0.037295 0.859524 0.066957 0.863122 0.070447 0.850854
1 0.026827 0.845456 0.023337 0.857397 0.000000 0.854616 0.000000 0.841694
3 0.013033 0.407557 0.012179 0.421979 0.000000 0.421659 0.000000 0.408038
3 0.977309 0.822584 0.977593 0.839390 1.000000 0.841623 1.000000 0.824924
3 0.661981 0.556144 0.697128 0.557276 0.696826 0.572662 0.661528 0.571417
3 0.098914 0.313647 0.096911 0.326520 0.079747 0.326842 0.082179 0.314398
