2 0.946550 0.784490 0.941440 0.803510 0.999770 0.822300 0.999510 0.799470 0.971290 0.791090
2 0.176940 0.362290 0.173810 0.370090 0.187840 0.368490 0.190720 0.360510
2 0.210140 0.357590 0.207390 0.366520 0.223300 0.364730 0.226300 0.355900
2 0.242210 0.353650 0.239210 0.362390 0.257870 0.360510 0.260760 0.351390
0 0.296590 0.362290 0.298220 0.373000 0.312120 0.372820 0.309990 0.361820
1 0.339430 0.341340 0.335550 0.351390 0.349960 0.350080 0.352785 0.343219 0.354720 0.338520
1 0.358480 0.338520 0.354840 0.349610 0.370880 0.347820 0.374640 0.336360
1 0.388920 0.333920 0.384790 0.345660 0.402200 0.344060 0.402720 0.341250 0.406330 0.331850
1 0.412470 0.331190 0.407710 0.343410 0.426500 0.341340 0.431520 0.328470
1 0.487890 0.320950 0.482760 0.334670 0.506310 0.331660 0.511570 0.317660
2 0.546900 0.312770 0.541640 0.326770 0.591750 0.320670 0.596890 0.305450
1 0.624200 0.301500 0.619190 0.317570 0.651760 0.314000 0.657020 0.297550
2 0.742340 0.283360 0.739460 0.294250 0.738710 0.301400 0.818260 0.291350 0.819540 0.280300 0.821640 0.271530
2 0.879230 0.262600 0.875600 0.284300 0.977570 0.270960 0.979030 0.259660 0.981080 0.247940
3 0.956030 0.365770 0.952140 0.388130 1.000000 0.387190 0.999870 0.364550
3 0.823350 0.372250 0.819840 0.391890 0.884490 0.389730 0.887870 0.368590
3 0.742420 0.376670 0.739290 0.394520 0.795540 0.393020 0.799670 0.373940
1 0.645580 0.403730 0.643320 0.420170 0.676770 0.419510 0.678400 0.402790
1 0.680160 0.403350 0.678280 0.419800 0.712100 0.419610 0.713860 0.402700
1 0.565520 0.406360 0.563520 0.420550 0.590330 0.420640 0.592330 0.405330
1 0.499500 0.406920 0.497370 0.420450 0.519920 0.420740 0.522050 0.407110
1 0.356430 0.409840 0.355050 0.420270 0.369710 0.420640 0.370830 0.409650
1 0.379600 0.409270 0.377850 0.420640 0.393890 0.420450 0.394760 0.408990
1 0.416810 0.408610 0.415310 0.420550 0.433230 0.420740 0.434730 0.408330
1 0.444120 0.408050 0.442870 0.420450 0.462040 0.420640 0.463290 0.407680
3 0.314710 0.397150 0.325230 0.396780 0.324360 0.402880 0.316340 0.404010
2 0.274740 0.398470 0.273120 0.408140 0.292910 0.407860 0.294410 0.398000
2 0.245050 0.399500 0.244300 0.408800 0.261970 0.408330 0.263470 0.399220
2 0.222630 0.400630 0.221870 0.409180 0.237910 0.408800 0.238790 0.400160
2 0.197700 0.401290 0.196440 0.409550 0.211100 0.409370 0.211980 0.401000
2 0.180030 0.402510 0.179150 0.409740 0.192810 0.409550 0.194060 0.401850
2 0.190300 0.440940 0.188300 0.448740 0.201960 0.449580 0.204960 0.442070
2 0.213610 0.442250 0.210720 0.450240 0.226510 0.451740 0.227010 0.448080 0.228890 0.443190
2 0.248180 0.444230 0.244930 0.452590 0.262970 0.453810 0.265850 0.445450
3 0.291460 0.446540 0.288370 0.454920 0.297400 0.456160 0.296450 0.446540
3 0.197470 0.478150 0.196640 0.486170 0.206850 0.487680 0.208750 0.480280
1 0.212440 0.479930 0.211010 0.488130 0.219210 0.489280 0.220630 0.481710
1 0.223600 0.481980 0.221940 0.489820 0.230610 0.491070 0.232160 0.483230
1 0.242970 0.484290 0.241540 0.492850 0.250570 0.494360 0.252110 0.485630
1 0.278840 0.489020 0.277420 0.498280 0.288110 0.499890 0.289410 0.490260
2 0.204710 0.514050 0.202220 0.521710 0.215520 0.524740 0.218490 0.517620
2 0.219210 0.517790 0.216360 0.525010 0.230850 0.528750 0.233700 0.520730
2 0.236190 0.521450 0.232990 0.529380 0.248790 0.533030 0.252110 0.524650
2 0.267790 0.528130 0.264230 0.536500 0.282520 0.540510 0.285380 0.531780
2 0.369840 0.525370 0.368060 0.535520 0.394900 0.540510 0.394750 0.537820 0.395380 0.534100 0.396570 0.529910
2 0.417120 0.533120 0.415340 0.544430 0.446100 0.550140 0.446170 0.544860 0.448000 0.538380
2 0.475680 0.543190 0.473780 0.555390 0.510730 0.562340 0.510890 0.556720 0.512150 0.549780
2 0.541970 0.554500 0.539950 0.567780 0.584260 0.576330 0.586640 0.561810
1 0.764110 0.550580 0.761260 0.567690 0.801890 0.573570 0.805460 0.556020
3 0.839390 0.647610 0.833570 0.666410 0.899140 0.681110 0.905320 0.662570
3 0.984200 0.678170 0.979450 0.699280 1.000000 0.702930 0.999760 0.681020
3 0.764080 0.632460 0.759560 0.649390 0.814440 0.661950 0.820030 0.644840
2 0.641600 0.690640 0.639460 0.705250 0.694460 0.723340 0.696240 0.707480
2 0.553810 0.662930 0.551670 0.676210 0.595630 0.690910 0.597880 0.676560
2 0.484320 0.641730 0.481700 0.653660 0.518050 0.665600 0.520310 0.652770
2 0.385360 0.611610 0.383220 0.621770 0.410190 0.630680 0.412090 0.619810
2 0.319190 0.585510 0.316820 0.590850 0.337720 0.597620 0.339860 0.592900
2 0.279040 0.569470 0.275000 0.578020 0.293180 0.583810 0.297220 0.575260
2 0.214300 0.551470 0.211680 0.558600 0.225700 0.562880 0.226430 0.558930 0.228670 0.555660
2 0.240910 0.558960 0.237580 0.566530 0.253740 0.571610 0.254090 0.569380 0.255990 0.563500
2 0.219050 0.576780 0.215720 0.583810 0.229740 0.588540 0.232830 0.581940
2 0.257420 0.590140 0.253740 0.597620 0.269890 0.603680 0.273810 0.595570
2 0.282600 0.598510 0.279160 0.606890 0.297330 0.613660 0.300420 0.605020
2 0.323510 0.613020 0.321820 0.617750 0.320020 0.621550 0.340750 0.629320 0.344460 0.620200
2 0.351270 0.654200 0.349510 0.663360 0.372410 0.673040 0.374010 0.663690
1 0.326950 0.644120 0.325270 0.653540 0.336500 0.658180 0.338360 0.648700
1 0.307490 0.636430 0.305020 0.645120 0.315810 0.649300 0.317400 0.640340
1 0.276360 0.624220 0.274770 0.632510 0.283790 0.636090 0.285650 0.628070
1 0.245580 0.612080 0.243540 0.619510 0.251590 0.623090 0.253890 0.615330
1 0.223640 0.603520 0.221790 0.610290 0.230100 0.614000 0.230370 0.610930 0.231600 0.606640
2 0.206930 0.658450 0.206040 0.665280 0.217890 0.672050 0.220460 0.665880
2 0.224090 0.667940 0.222050 0.674500 0.236200 0.682130 0.238940 0.675300
2 0.242570 0.677020 0.239390 0.684190 0.255840 0.693280 0.259550 0.686580
2 0.276270 0.694670 0.273090 0.702500 0.290510 0.712320 0.293780 0.704620
2 0.304400 0.709660 0.300330 0.717890 0.321380 0.729100 0.324920 0.720610
2 0.332700 0.725520 0.329690 0.734410 0.351360 0.745820 0.354810 0.737120
2 0.378070 0.751650 0.375420 0.761340 0.400810 0.776000 0.403550 0.764790
2 0.415580 0.772950 0.412570 0.783030 0.441670 0.799810 0.444760 0.788200
2 0.535510 0.838950 0.532060 0.850290 0.573100 0.873780 0.577170 0.861040
2 0.481910 0.809560 0.478550 0.820180 0.514280 0.840540 0.518350 0.828740
2 0.632450 0.891090 0.627850 0.904290 0.680740 0.933480 0.684280 0.918690
2 0.740120 0.941340 0.736710 0.954700 0.801910 0.991380 0.806200 0.973940
2 0.905870 0.871120 0.898280 0.890070 0.988500 0.926270 0.993810 0.908740
2 0.773700 0.820420 0.765230 0.835490 0.835740 0.864200 0.841930 0.850930 0.787600 0.831510 0.787470 0.825060
2 0.654290 0.776350 0.647090 0.773040 0.643050 0.787250 0.696500 0.809520 0.699400 0.799190 0.655810 0.784220
2 0.558640 0.737780 0.601860 0.755120 0.597940 0.768870 0.554850 0.750950
2 0.497740 0.713330 0.534640 0.727640 0.530970 0.740530 0.494580 0.725940
2 0.398800 0.674290 0.395010 0.684710 0.422180 0.695520 0.425340 0.684710
2 0.781520 0.734050 0.778360 0.751420 0.850490 0.774720 0.854440 0.756360
2 0.362900 0.477620 0.357440 0.487320 0.384860 0.489890 0.389530 0.479490
2 0.392180 0.479730 0.387190 0.490120 0.416480 0.493160 0.421300 0.482060
2 0.423800 0.482410 0.419590 0.493280 0.451680 0.496780 0.456350 0.484630
2 0.466160 0.485800 0.461640 0.497130 0.497940 0.501100 0.503230 0.489070
2 0.516000 0.489660 0.510710 0.502620 0.552760 0.506830 0.558060 0.493630
1 0.576120 0.494800 0.570360 0.508700 0.597150 0.511380 0.602600 0.497370
1 0.645440 0.501100 0.639980 0.515120 0.671600 0.518390 0.677520 0.503440
1 0.682500 0.504260 0.677210 0.519910 0.711790 0.523300 0.717860 0.507760
1 0.631730 0.499820 0.625970 0.514540 0.597930 0.511620 0.603380 0.497250
1 0.746050 0.464070 0.742160 0.481010 0.782660 0.483700 0.786860 0.465710
1 0.795890 0.465830 0.791690 0.483820 0.836080 0.486850 0.840280 0.468050
1 0.884050 0.469330 0.880000 0.489070 0.932020 0.492460 0.936540 0.472250
3 0.992060 0.474700 0.987700 0.496080 0.999840 0.496430 0.999840 0.474820
