1 0.303080 0.203792 0.302909 0.231030 0.372691 0.228949 0.372330 0.201726
1 0.534951 0.199431 0.534590 0.225500 0.605913 0.223633 0.603937 0.198020
0 0.313380 0.340067 0.313761 0.363585 0.346277 0.363328 0.345555 0.339198
0 0.389721 0.337701 0.389816 0.362316 0.422522 0.361433 0.421439 0.337388
1 0.447494 0.337031 0.447684 0.361248 0.513477 0.359608 0.511937 0.335364
0 0.517965 0.336488 0.518018 0.360517 0.551311 0.359392 0.550684 0.336426
1 0.628395 0.333953 0.629022 0.356943 0.694511 0.355332 0.692364 0.330660
1 0.896184 0.058324 0.898855 0.079375 0.998720 0.078425 0.999186 0.056674
2 0.814656 0.365466 0.815910 0.373462 0.887405 0.371111 0.884915 0.351826 0.841623 0.352767 0.840996 0.362644
2 0.822182 0.485877 0.867336 0.483996 0.870472 0.501414 0.827826 0.503281 0.811806 0.503749 0.825023 0.499362
2 0.765112 0.636862 0.767526 0.653666 0.844854 0.650174 0.841623 0.632757
2 0.775146 0.744103 0.776039 0.760637 0.847724 0.757344 0.847629 0.739542
1 0.329249 0.456715 0.330503 0.478822 0.389455 0.478352 0.390082 0.454364
0 0.424574 0.455304 0.424860 0.477482 0.455932 0.476470 0.454050 0.453893
1 0.497323 0.453423 0.499033 0.476143 0.560132 0.474518 0.557528 0.451071
1 0.603937 0.450458 0.604108 0.473249 0.666024 0.471296 0.662888 0.448719
1 0.339229 0.559907 0.339229 0.581440 0.397906 0.579192 0.396108 0.557596
1 0.417676 0.558312 0.419366 0.579375 0.476000 0.577126 0.475755 0.555571
1 0.492933 0.555960 0.493942 0.576880 0.551639 0.575613 0.550110 0.553649
1 0.581360 0.554549 0.581987 0.575259 0.640311 0.573834 0.637422 0.551998
1 0.351826 0.674960 0.351199 0.694245 0.405133 0.693304 0.405133 0.672609
1 0.421439 0.672138 0.421576 0.693448 0.476382 0.691463 0.476299 0.669460
1 0.506730 0.669316 0.507984 0.690442 0.562599 0.689582 0.560282 0.667619
1 0.582424 0.668176 0.583241 0.688601 0.638334 0.687731 0.635921 0.665083
1 0.370013 0.773735 0.370778 0.794758 0.421248 0.794185 0.421439 0.773265
1 0.428337 0.773265 0.426402 0.793898 0.478998 0.792917 0.477881 0.772794
2 0.388200 0.864044 0.388827 0.882387 0.477254 0.880730 0.476162 0.862427
1 0.509238 0.860751 0.510302 0.879422 0.558974 0.878051 0.556274 0.860281
1 0.375174 0.202301 0.445226 0.200947 0.446670 0.227217 0.376979 0.228029
1 0.881237 0.058334 0.884523 0.079810 0.841336 0.080866 0.844153 0.059390
3 0.831479 0.088260 0.825376 0.112904 0.812232 0.117129 0.816927 0.092836
