1 0.265387 0.188731 0.266350 0.232510 0.328198 0.232723 0.328323 0.189117
1 0.343925 0.185606 0.340324 0.227496 0.402556 0.234486 0.405963 0.189376
1 0.413395 0.190061 0.413460 0.235423 0.475533 0.237013 0.475663 0.191092
1 0.485988 0.192549 0.484766 0.237186 0.547093 0.237784 0.547547 0.193533
1 0.573250 0.194304 0.572955 0.238729 0.635936 0.239972 0.637956 0.193879
1 0.663139 0.194351 0.659249 0.238941 0.724534 0.238815 0.726299 0.196020
1 0.734515 0.194737 0.732007 0.238555 0.797067 0.240531 0.799476 0.195894
1 0.807616 0.195674 0.804724 0.241641 0.870333 0.242286 0.872872 0.196366
1 0.888084 0.195461 0.884554 0.242459 0.950223 0.244820 0.954237 0.199105
1 0.861844 0.440387 0.921343 0.441486 0.921278 0.401125 0.863585 0.400397
1 0.767888 0.396638 0.766052 0.436513 0.823946 0.438568 0.825003 0.397960
1 0.684168 0.397322 0.681624 0.434884 0.741542 0.436553 0.743378 0.397960
1 0.611515 0.396724 0.611002 0.433979 0.668884 0.434537 0.669463 0.397142
1 0.554720 0.394536 0.554525 0.430980 0.608931 0.433380 0.609864 0.395859
1 0.443945 0.391710 0.443526 0.427249 0.498651 0.430720 0.498551 0.393072
1 0.385603 0.388192 0.385762 0.425919 0.441201 0.427847 0.442453 0.391663
1 0.321050 0.386130 0.319923 0.424329 0.377073 0.427202 0.377073 0.388531
1 0.229579 0.382911 0.229160 0.421070 0.285866 0.423258 0.285572 0.385146
1 0.162293 0.383037 0.161201 0.419268 0.216386 0.419874 0.215293 0.384281
1 0.107136 0.379604 0.105700 0.417677 0.159330 0.418457 0.159619 0.380636
1 0.188090 0.188134 0.189696 0.230929 0.250672 0.230842 0.248487 0.187103
1 0.125923 0.186803 0.127658 0.229253 0.188758 0.230410 0.187052 0.186930
1 0.065880 0.187236 0.068378 0.228009 0.127358 0.228395 0.125079 0.185733
1 0.280465 0.608180 0.282614 0.637980 0.324841 0.639137 0.323769 0.609587
1 0.338258 0.609683 0.337809 0.638712 0.386141 0.641452 0.387492 0.608566
1 0.413390 0.610581 0.413360 0.642695 0.461277 0.643939 0.461112 0.613950
2 0.520139 0.614225 0.519849 0.647198 0.606836 0.652298 0.607514 0.618681
2 0.746181 0.626362 0.743094 0.659847 0.835876 0.665293 0.839188 0.632620
1 0.887017 0.635493 0.881326 0.667741 0.934072 0.670441 0.937313 0.636823
2 0.796289 0.794338 0.794039 0.820022 0.878322 0.824697 0.882407 0.797976
3 0.620324 0.780659 0.617815 0.807672 0.701176 0.814575 0.701619 0.785799
2 0.492790 0.773236 0.491154 0.800809 0.572106 0.804839 0.574001 0.777951
2 0.324911 0.765908 0.323754 0.790993 0.404430 0.795834 0.403562 0.764830
2 0.210151 0.758526 0.210216 0.783823 0.287886 0.788632 0.288819 0.762516
1 0.215393 0.605819 0.217324 0.634462 0.265017 0.637807 0.262348 0.606976
1 0.156248 0.602175 0.159690 0.633092 0.193619 0.634689 0.186347 0.630413 0.186226 0.612846 0.196277 0.617315 0.196734 0.602600
2 0.949246 0.793974 0.946096 0.817776 0.997550 0.820576 0.996850 0.796774
3 0.499557 0.394166 0.523849 0.393814 0.525962 0.370226 0.554215 0.370578 0.552895 0.395223 0.553951 0.429725 0.499821 0.430077
3 0.952735 0.402968 0.950887 0.441695 0.999472 0.442751 0.999736 0.404728
