3 0.123112 0.993066 0.121658 1.000000 0.175458 1.000000 0.176428 0.992701
3 0.233137 0.993431 0.233622 1.000000 0.185637 1.000000 0.185637 0.993066
3 0.270943 0.992701 0.270943 1.000000 0.318927 1.000000 0.318443 0.993066
3 0.357218 0.992336 0.357703 1.000000 0.406657 1.000000 0.405687 0.992336
1 0.434769 0.988687 0.434284 1.000000 0.483723 1.000000 0.484207 0.988687
1 0.494871 0.988322 0.494871 1.000000 0.543340 0.999635 0.542855 0.988322
1 0.594232 0.988687 0.594232 1.000000 0.545763 1.000000 0.545763 0.989052
1 0.635512 0.988322 0.635512 1.000000 0.684950 1.000000 0.684950 0.987957
1 0.788190 0.987592 0.788674 1.000000 0.836659 1.000000 0.835205 0.987227
0 0.863802 0.985767 0.864286 1.000000 0.888036 1.000000 0.887551 0.985767
3 0.940383 0.984672 0.941352 1.000000 1.000000 1.000000 1.000000 0.983577
1 0.928266 0.833950 0.932143 0.855847 0.980612 0.854752 0.974796 0.833585
1 0.859924 0.834315 0.865256 0.854752 0.914210 0.852562 0.908878 0.832855
1 0.807093 0.835410 0.810970 0.856212 0.860893 0.855117 0.856046 0.835045
1 0.758623 0.835775 0.802730 0.835775 0.806608 0.855847 0.762986 0.854387
1 0.713062 0.836870 0.715486 0.856212 0.763470 0.855847 0.757654 0.835775
1 0.664593 0.836870 0.666532 0.856942 0.715001 0.856577 0.711124 0.835775
1 0.616609 0.837235 0.617578 0.856212 0.665563 0.855847 0.663624 0.836505
1 0.517731 0.838695 0.517247 0.857672 0.565716 0.857672 0.566201 0.838330
1 0.447451 0.838330 0.446966 0.858037 0.495436 0.858037 0.495436 0.838695
1 0.389288 0.840519 0.389288 0.859131 0.436788 0.858402 0.436303 0.840154
0 0.589466 0.837600 0.589951 0.856577 0.613700 0.856942 0.612731 0.837600
0 0.071734 0.864971 0.096454 0.863876 0.095000 0.883583 0.070765 0.884313
0 0.040714 0.865700 0.064464 0.864971 0.063010 0.883948 0.039745 0.884313
0 0.160433 0.842709 0.159464 0.862416 0.182729 0.861321 0.183214 0.841979
0 0.132806 0.844169 0.129897 0.863146 0.153647 0.862781 0.155586 0.843439
0 0.239923 0.841614 0.239438 0.860956 0.262218 0.860591 0.263188 0.840884
0 0.121658 0.739430 0.119234 0.759137 0.144438 0.758407 0.146862 0.739065
0 0.154132 0.738700 0.178367 0.732496 0.184668 0.751838 0.160918 0.757312
0 0.490993 0.736145 0.514743 0.735780 0.516197 0.754392 0.491478 0.754392
0 0.534615 0.735780 0.534615 0.754392 0.558850 0.754027 0.558850 0.735415
0 0.579692 0.735050 0.579692 0.755122 0.605380 0.754392 0.604411 0.734320
0 0.860893 0.736145 0.885128 0.734685 0.885613 0.752568 0.861863 0.752933
0 0.110025 0.651113 0.107117 0.670820 0.133775 0.670820 0.134744 0.651113
0 0.736328 0.646004 0.762016 0.645274 0.762986 0.665346 0.737782 0.664981
0 0.770256 0.646004 0.794975 0.645639 0.798368 0.664981 0.773164 0.665711
0 0.766863 0.554768 0.793037 0.555133 0.794491 0.574110 0.769287 0.574475
0 0.732935 0.555133 0.733904 0.574110 0.761047 0.574475 0.759593 0.555133
0 0.699491 0.555133 0.725180 0.554403 0.727118 0.574475 0.701430 0.574840
0 0.077551 0.466086 0.076581 0.485428 0.103239 0.485428 0.104693 0.465356
0 0.066887 0.363902 0.095000 0.363902 0.093061 0.383974 0.064949 0.383609
0 0.168673 0.363172 0.195331 0.362442 0.194846 0.382879 0.167703 0.382879
0 0.219565 0.361347 0.246224 0.360982 0.245739 0.382149 0.219081 0.382514
0 0.258826 0.362077 0.285968 0.361347 0.285968 0.381419 0.258826 0.381419
0 0.318443 0.361347 0.347039 0.360982 0.347039 0.381419 0.318927 0.381784
0 0.362065 0.361347 0.389208 0.360617 0.390177 0.381419 0.362065 0.381054
0 0.522498 0.358792 0.550125 0.358427 0.549641 0.379959 0.522498 0.379594
0 0.607884 0.359157 0.635512 0.358792 0.635996 0.378499 0.608369 0.378499
0 0.699006 0.356968 0.725180 0.356968 0.728088 0.377040 0.700945 0.377405
0 0.735843 0.356603 0.763470 0.356238 0.765894 0.376675 0.737782 0.377040
0 0.788190 0.356603 0.814848 0.356238 0.816302 0.376310 0.788190 0.376310
0 0.836174 0.355508 0.863802 0.354778 0.865256 0.375215 0.838598 0.375580
0 0.871557 0.355143 0.899184 0.354413 0.901608 0.374485 0.874949 0.375215
0 0.901608 0.354778 0.928750 0.354778 0.931174 0.373755 0.904031 0.374485
1 0.551175 0.359157 0.551660 0.379229 0.605461 0.378864 0.605461 0.358792
1 0.640843 0.358063 0.641328 0.378134 0.696583 0.377040 0.695613 0.356238
1 0.458114 0.360252 0.458599 0.380689 0.513369 0.379594 0.512400 0.359157
1 0.401890 0.360982 0.402375 0.381054 0.456660 0.380324 0.456176 0.359887
0 0.003878 0.340180 0.031505 0.339450 0.031020 0.359522 0.002908 0.359887
1 0.106632 0.465721 0.104693 0.485428 0.157040 0.484333 0.158010 0.464261
1 0.209872 0.463532 0.208902 0.484698 0.158494 0.484698 0.158979 0.464261
1 0.216173 0.463532 0.215688 0.483968 0.268519 0.483603 0.269004 0.463167
1 0.284999 0.462437 0.285484 0.483239 0.337830 0.483239 0.337830 0.462072
1 0.366427 0.462072 0.365942 0.482144 0.417804 0.482144 0.417804 0.462072
3 0.036837 0.514624 0.037321 0.535061 0.000000 0.535791 0.000000 0.515354
1 0.440585 0.461342 0.441070 0.481779 0.492932 0.481049 0.492932 0.460612
1 0.531303 0.460247 0.531788 0.480319 0.584619 0.479954 0.584134 0.459517
1 0.593343 0.459517 0.594313 0.479589 0.647629 0.479224 0.646660 0.459517
1 0.651506 0.459152 0.652961 0.478859 0.706277 0.478859 0.705792 0.458422
1 0.043622 0.782128 0.041684 0.801835 0.090153 0.801835 0.093061 0.781398
1 0.000969 0.783588 0.043138 0.782128 0.041684 0.801835 0.000000 0.802930
1 0.192423 0.842344 0.190484 0.861686 0.238953 0.860591 0.240892 0.840884
1 0.269973 0.841614 0.269004 0.860591 0.316504 0.859496 0.316989 0.841249
1 0.329106 0.840519 0.330075 0.859496 0.377575 0.858402 0.377090 0.839789
1 0.938929 0.732131 0.940383 0.751473 0.989821 0.751108 0.987883 0.731766
1 0.802246 0.737605 0.803215 0.752933 0.852654 0.752568 0.850715 0.736510
1 0.739720 0.733590 0.740690 0.753297 0.790128 0.752568 0.789159 0.733226
1 0.674772 0.733955 0.675741 0.753662 0.724695 0.753662 0.723241 0.733590
1 0.619517 0.735050 0.619517 0.754392 0.667986 0.754392 0.667986 0.734685
3 0.034413 0.698921 0.034413 0.716438 0.000000 0.717533 0.000969 0.699651
1 0.035867 0.698191 0.036352 0.716438 0.084336 0.715708 0.085306 0.696731
1 0.195816 0.737970 0.245254 0.737605 0.244285 0.757677 0.195331 0.758042
1 0.247678 0.737240 0.246708 0.757677 0.296631 0.756582 0.297116 0.737240
1 0.298570 0.737240 0.299055 0.756947 0.348009 0.756582 0.348494 0.736875
1 0.363519 0.736510 0.363519 0.755487 0.412473 0.755487 0.411988 0.736145
1 0.433799 0.735415 0.433315 0.755487 0.481784 0.755122 0.481299 0.735050
3 0.016480 0.610604 0.015510 0.629581 0.000485 0.629581 0.000000 0.610604
1 0.021326 0.610239 0.020357 0.628486 0.071250 0.628486 0.071250 0.609509
1 0.158494 0.650383 0.156556 0.670455 0.207933 0.670090 0.208902 0.650748
1 0.222958 0.650383 0.221989 0.669360 0.272882 0.669725 0.272882 0.650018
3 0.971888 0.623377 0.999515 0.622282 1.000000 0.642354 0.968495 0.643449
1 0.283625 0.648923 0.282656 0.669360 0.332094 0.669360 0.333064 0.649653
1 0.383472 0.647829 0.383472 0.668265 0.333064 0.668630 0.333064 0.648923
1 0.394135 0.648193 0.394135 0.668265 0.443574 0.667536 0.443089 0.647464
1 0.457145 0.647099 0.457145 0.667171 0.508038 0.666806 0.507068 0.646369
1 0.516762 0.647099 0.517731 0.666076 0.567170 0.665711 0.566685 0.646734
1 0.616609 0.645639 0.618547 0.665346 0.568624 0.665711 0.568139 0.646734
1 0.623394 0.646004 0.672833 0.646369 0.674287 0.666076 0.624364 0.666076
1 0.677680 0.646004 0.679134 0.665346 0.729057 0.665346 0.727603 0.646004
1 0.802246 0.645274 0.803700 0.665346 0.853623 0.664616 0.851684 0.645274
1 0.856531 0.644909 0.858955 0.664981 0.908393 0.664616 0.905970 0.644179
1 0.707246 0.458422 0.708215 0.478494 0.762016 0.478129 0.760562 0.457692
1 0.766863 0.457327 0.767833 0.477399 0.822118 0.477399 0.820664 0.457327
1 0.832297 0.456963 0.833751 0.477399 0.888036 0.476670 0.885613 0.456963
1 0.797883 0.554403 0.799338 0.574475 0.851200 0.573745 0.848776 0.553673
1 0.857016 0.553673 0.859439 0.573745 0.910817 0.573015 0.908393 0.552943
1 0.643267 0.554403 0.644236 0.574475 0.696098 0.574110 0.695129 0.554403
1 0.590435 0.555133 0.591889 0.574475 0.643751 0.574475 0.642297 0.554403
1 0.524517 0.555498 0.525002 0.575569 0.576379 0.575205 0.574925 0.555862
1 0.470716 0.556592 0.471686 0.575934 0.523063 0.575569 0.522094 0.556227
1 0.418774 0.556540 0.419259 0.576612 0.471605 0.576247 0.471121 0.555811
1 0.366912 0.558000 0.365942 0.577342 0.418774 0.576612 0.418289 0.556905
1 0.302448 0.558730 0.302448 0.578437 0.354310 0.577707 0.354310 0.558365
1 0.235076 0.558730 0.234591 0.578802 0.286453 0.577707 0.286453 0.558730
1 0.148800 0.560190 0.147831 0.580262 0.199693 0.579532 0.200662 0.560190
1 0.095969 0.560920 0.092576 0.580627 0.143469 0.579897 0.145892 0.560190
1 0.102270 0.363485 0.101301 0.383922 0.156071 0.383557 0.156071 0.362755
1 0.713547 0.216047 0.715971 0.234294 0.772679 0.234294 0.770741 0.215682
1 0.776072 0.215682 0.777526 0.234659 0.834720 0.234659 0.832781 0.215317
0 0.860893 0.215682 0.863802 0.235024 0.836174 0.234294 0.833266 0.216047
0 0.874949 0.214952 0.878342 0.235024 0.907424 0.234659 0.904031 0.214952
0 0.917118 0.214952 0.920026 0.233929 0.951046 0.234659 0.945230 0.214587
0 0.081428 0.213493 0.109056 0.213493 0.107117 0.232470 0.078035 0.232105
0 0.125535 0.214222 0.152678 0.210938 0.153647 0.229550 0.125051 0.232470
0 0.170127 0.213493 0.165280 0.233200 0.194846 0.233200 0.197754 0.213128
0 0.678569 0.214952 0.706196 0.215682 0.707166 0.234659 0.679053 0.234294
0 0.648033 0.212398 0.675661 0.211303 0.677599 0.229550 0.649487 0.231010
0 0.610227 0.214222 0.639309 0.213858 0.640278 0.233565 0.610712 0.233929
0 0.581146 0.214222 0.609258 0.214222 0.608773 0.234294 0.580176 0.234294
0 0.535100 0.213858 0.562243 0.213858 0.562243 0.233929 0.534615 0.233929
0 0.482753 0.213493 0.511350 0.213858 0.511350 0.234294 0.482269 0.233929
0 0.436223 0.213493 0.435738 0.233565 0.464820 0.233929 0.464820 0.213128
0 0.392116 0.213493 0.391631 0.233565 0.420228 0.233565 0.420713 0.213128
0 0.349948 0.213858 0.378544 0.213493 0.377090 0.233565 0.348494 0.233565
0 0.306810 0.213858 0.333468 0.212763 0.332499 0.233565 0.304871 0.233565
0 0.270943 0.213493 0.299055 0.213128 0.297116 0.232835 0.269004 0.233200
0 0.217627 0.213858 0.245739 0.214222 0.243315 0.233565 0.215203 0.233200
0 0.046046 0.213128 0.071734 0.213493 0.068342 0.231740 0.041684 0.231375
