3 0.039569 0.710546 0.038469 0.744851 0.000000 0.745216 0.000000 0.710181
3 0.017311 0.870445 0.014563 0.905844 0.000000 0.905479 0.000275 0.870810
1 0.022807 0.870810 0.019784 0.905114 0.042863 0.904360 0.067871 0.905114 0.070619 0.870445
0 0.011816 0.410615 0.007969 0.446014 0.035172 0.446014 0.038195 0.410980
3 0.008243 0.228142 0.006320 0.262812 0.000000 0.262812 0.000275 0.227412
0 0.081335 0.198530 0.073916 0.228820 0.048087 0.228455 0.055231 0.197435
0 0.090403 0.199260 0.084083 0.229185 0.112111 0.230280 0.117881 0.199260
0 0.132445 0.199625 0.130796 0.230645 0.159099 0.229915 0.160473 0.195610
0 0.175860 0.198895 0.170914 0.232105 0.199766 0.232835 0.203339 0.199990
0 0.223672 0.200719 0.219551 0.233200 0.247853 0.233565 0.251425 0.201449
0 0.276430 0.201084 0.272584 0.234659 0.301161 0.234659 0.304183 0.201814
0 0.311328 0.202179 0.308580 0.235024 0.336608 0.235024 0.338806 0.202179
0 0.354194 0.202544 0.382496 0.203274 0.380298 0.236119 0.352270 0.236119
0 0.396235 0.202544 0.394861 0.236119 0.422889 0.236484 0.424263 0.204004
0 0.440200 0.203639 0.467679 0.204734 0.466579 0.237944 0.438826 0.236849
0 0.485814 0.205099 0.513842 0.205829 0.513018 0.238674 0.484990 0.238309
0 0.536649 0.206194 0.564402 0.206924 0.564677 0.239039 0.536374 0.239039
0 0.583087 0.206559 0.610290 0.206559 0.610840 0.239769 0.583087 0.239039
0 0.612214 0.206924 0.640516 0.206924 0.641615 0.240498 0.613313 0.239769
0 0.649584 0.201449 0.651508 0.235389 0.679810 0.233200 0.677062 0.199625
0 0.680085 0.208383 0.707563 0.208018 0.709487 0.241593 0.681184 0.241228
0 0.834237 0.210938 0.836985 0.244148 0.866387 0.244878 0.862815 0.211303
0 0.877173 0.211668 0.904926 0.211668 0.909322 0.244878 0.880195 0.245243
0 0.918115 0.211303 0.921962 0.245608 0.951638 0.245608 0.946418 0.211303
0 0.902452 0.450707 0.905475 0.485011 0.933228 0.483916 0.929381 0.450342
0 0.872776 0.449977 0.873485 0.468715 0.875249 0.486106 0.902452 0.485376 0.899155 0.449612
0 0.836230 0.450342 0.863708 0.449247 0.866456 0.486106 0.838978 0.486106
0 0.787594 0.451436 0.789792 0.486471 0.817270 0.486471 0.814522 0.450342
0 0.736484 0.451436 0.738683 0.486836 0.766161 0.486836 0.764787 0.451436
0 0.699664 0.451436 0.701037 0.486836 0.728241 0.487201 0.726317 0.450342
0 0.607886 0.451436 0.608711 0.487201 0.636464 0.487566 0.635090 0.451436
0 0.523254 0.451801 0.522154 0.487931 0.549907 0.487931 0.550457 0.452166
0 0.363605 0.453626 0.391084 0.452896 0.390534 0.488296 0.363056 0.488661
0 0.320945 0.453261 0.347874 0.453261 0.347049 0.488661 0.319846 0.489026
0 0.260768 0.453991 0.259394 0.489391 0.286872 0.489391 0.287971 0.453626
0 0.221474 0.453626 0.249227 0.453991 0.247304 0.489756 0.219551 0.489756
0 0.171464 0.454356 0.168991 0.489756 0.196469 0.489756 0.198118 0.454356
0 0.070894 0.454721 0.065948 0.490121 0.094250 0.490121 0.098372 0.453991
0 0.080511 0.626975 0.107165 0.626245 0.103593 0.662009 0.077214 0.662009
0 0.698495 0.790887 0.724600 0.790887 0.725973 0.826286 0.700144 0.827381
0 0.731744 0.789792 0.757848 0.790522 0.759222 0.827016 0.733118 0.827016
0 0.765542 0.791617 0.791372 0.790887 0.793845 0.828111 0.768015 0.827746
0 0.733393 0.948178 0.758947 0.947813 0.760871 0.984307 0.735591 0.985037
0 0.768565 0.948908 0.793845 0.947813 0.796318 0.985037 0.771038 0.985037
0 0.108264 0.943799 0.132994 0.944163 0.129697 0.980658 0.105241 0.980658
1 0.105745 0.454004 0.102099 0.490326 0.157889 0.490326 0.159712 0.453520
1 0.404021 0.453036 0.403656 0.489357 0.458352 0.488389 0.457623 0.452551
1 0.513048 0.451583 0.513412 0.487904 0.459810 0.488873 0.459446 0.452551
1 0.603843 0.452067 0.604937 0.487904 0.551335 0.487420 0.551700 0.453036
1 0.641036 0.451583 0.641401 0.487420 0.697191 0.487420 0.696097 0.450130
1 0.715581 0.209439 0.717404 0.242371 0.774653 0.242855 0.771736 0.208955
1 0.777205 0.209439 0.779758 0.243340 0.836641 0.244308 0.833724 0.210408
1 0.107933 0.626410 0.105381 0.661763 0.157160 0.660795 0.159347 0.625442
1 0.211491 0.625926 0.209668 0.661279 0.157524 0.660795 0.160441 0.624958
1 0.218054 0.625926 0.215867 0.660795 0.268010 0.661279 0.269469 0.626410
1 0.285513 0.624958 0.284419 0.660795 0.336198 0.661279 0.338021 0.624958
1 0.365004 0.624473 0.364275 0.660311 0.416054 0.660795 0.417512 0.623505
1 0.440485 0.623020 0.439755 0.659826 0.492263 0.659826 0.492993 0.623505
1 0.530915 0.623505 0.530551 0.658858 0.583423 0.659826 0.583423 0.623505
1 0.593633 0.623020 0.593269 0.659342 0.647235 0.660311 0.646141 0.624473
1 0.651611 0.623989 0.652340 0.660311 0.706307 0.661279 0.705213 0.624473
1 0.707401 0.624958 0.708495 0.660795 0.762097 0.660795 0.760273 0.624473
1 0.766108 0.624473 0.768295 0.660795 0.822262 0.661279 0.820074 0.624473
1 0.831743 0.625442 0.833566 0.660795 0.888262 0.661279 0.885345 0.624473
1 0.855967 0.791757 0.859249 0.828562 0.911757 0.828562 0.907746 0.791757
1 0.796167 0.790788 0.798354 0.828078 0.851227 0.828078 0.848675 0.791272
1 0.642653 0.790304 0.643018 0.826141 0.695161 0.827110 0.694067 0.791272
1 0.589416 0.790304 0.590510 0.826141 0.641559 0.826141 0.640465 0.789819
1 0.522687 0.789819 0.522687 0.825657 0.574101 0.825657 0.574101 0.789819
1 0.469449 0.789335 0.468720 0.825172 0.520499 0.825172 0.519770 0.788851
1 0.416577 0.789335 0.415847 0.824688 0.466897 0.824688 0.467626 0.787882
1 0.364069 0.788851 0.363339 0.824688 0.414754 0.824688 0.415483 0.788851
1 0.301351 0.788367 0.351671 0.788851 0.350942 0.824688 0.299892 0.824688
1 0.234622 0.787882 0.233163 0.823720 0.283848 0.824204 0.285307 0.788367
1 0.150025 0.788851 0.147108 0.824688 0.198158 0.824688 0.200346 0.787398
1 0.095329 0.788367 0.091318 0.824688 0.142368 0.825657 0.145650 0.788851
1 0.157524 0.944307 0.154972 0.980629 0.204563 0.981113 0.207480 0.945276
1 0.221336 0.944791 0.219148 0.981113 0.269469 0.982081 0.271292 0.945760
1 0.281137 0.944791 0.278949 0.981113 0.328540 0.981597 0.329999 0.945276
1 0.379954 0.945276 0.379590 0.981113 0.328905 0.981113 0.331093 0.944791
1 0.391258 0.945760 0.389435 0.982081 0.440120 0.982566 0.440849 0.945760
1 0.453976 0.944791 0.453612 0.981597 0.503932 0.981597 0.504296 0.945760
1 0.514142 0.945760 0.514506 0.981597 0.564097 0.982081 0.564097 0.945760
1 0.614418 0.946728 0.615147 0.983050 0.565191 0.981597 0.565191 0.946244
1 0.620616 0.947697 0.620981 0.983534 0.672395 0.984019 0.670937 0.947213
1 0.674742 0.947697 0.676200 0.983534 0.726885 0.984503 0.725062 0.948181
1 0.800907 0.948666 0.802001 0.985956 0.853780 0.986440 0.851227 0.948181
1 0.855238 0.949150 0.857791 0.986440 0.908475 0.986440 0.905923 0.949634
