0 0.055643 0.097310 0.087906 0.099422 0.087906 0.122658 0.055175 0.120194
0 0.117364 0.102591 0.150095 0.102943 0.150562 0.126179 0.118767 0.125123
0 0.183293 0.105407 0.213686 0.105759 0.216024 0.128292 0.184696 0.128292
0 0.260445 0.108224 0.289435 0.109632 0.290370 0.132516 0.259977 0.131108
0 0.436257 0.117378 0.465715 0.117730 0.467118 0.139558 0.436725 0.138853
0 0.537723 0.120898 0.566713 0.121954 0.567648 0.144486 0.539126 0.143078
0 0.645761 0.126273 0.673706 0.127106 0.675089 0.148147 0.646591 0.147313
0 0.683943 0.127314 0.711611 0.127731 0.714931 0.147730 0.686986 0.148147
0 0.734852 0.130439 0.761966 0.131064 0.766116 0.148980 0.737618 0.148563
0 0.778013 0.131689 0.805681 0.133356 0.808171 0.150855 0.781333 0.149397
0 0.835562 0.134606 0.862400 0.135647 0.865443 0.153980 0.839159 0.152105
0 0.902795 0.136897 0.919448 0.137817 0.929909 0.137731 0.932123 0.157313 0.905838 0.156271
3 0.951305 0.139397 0.953518 0.157938 0.931937 0.157105 0.929447 0.138147
2 0.307199 0.109815 0.306923 0.132939 0.415380 0.138147 0.415380 0.115440
3 0.980356 0.166896 0.996403 0.160646 0.992806 0.183770 0.976482 0.190228
0 0.923084 0.270640 0.947985 0.271265 0.946601 0.291472 0.922254 0.290847
0 0.887669 0.270015 0.887116 0.289806 0.912293 0.290222 0.912293 0.270432
0 0.726366 0.266057 0.726366 0.286264 0.752374 0.287097 0.752097 0.266474
0 0.618185 0.262515 0.618185 0.283556 0.645576 0.284389 0.645576 0.263349
0 0.523284 0.260432 0.523008 0.281889 0.550952 0.282723 0.550952 0.261266
0 0.431151 0.257932 0.431151 0.279390 0.458542 0.280431 0.459095 0.258557
0 0.310709 0.255016 0.311262 0.276265 0.336993 0.277098 0.340313 0.274806 0.339760 0.255432
0 0.243753 0.252724 0.243476 0.274806 0.272804 0.275431 0.272804 0.253558
0 0.163240 0.250641 0.163240 0.272515 0.193398 0.273140 0.193398 0.251683
0 0.123122 0.250224 0.123398 0.271473 0.153833 0.271682 0.153556 0.250849
0 0.081067 0.248766 0.079960 0.270015 0.111501 0.271057 0.111778 0.249808
3 0.964585 0.423340 0.968459 0.441881 1.000000 0.441672 0.999723 0.423548
2 0.783638 0.422715 0.784191 0.442089 0.871068 0.443131 0.872175 0.440839 0.867195 0.442089 0.866365 0.440006 0.871622 0.433964 0.870515 0.423132
2 0.671584 0.422298 0.671860 0.441881 0.762334 0.442089 0.761781 0.422507
2 0.557316 0.421882 0.557592 0.441881 0.649449 0.442089 0.649173 0.422090
2 0.444155 0.421465 0.443878 0.441256 0.537672 0.442089 0.537672 0.422298
2 0.199208 0.419382 0.199485 0.440214 0.301579 0.440839 0.301302 0.420215
2 0.094900 0.419590 0.093517 0.440214 0.198655 0.439589 0.198931 0.419382
3 0.797108 0.537084 0.799598 0.556041 0.858531 0.555000 0.856594 0.546458 0.857701 0.544375 0.858807 0.539375 0.861021 0.538750 0.859637 0.536667
1 0.688651 0.538542 0.735686 0.538125 0.737899 0.556458 0.690311 0.556874
1 0.608967 0.538959 0.609521 0.557708 0.658769 0.557083 0.657109 0.538125
1 0.529838 0.539584 0.530668 0.558541 0.580193 0.558124 0.578533 0.538959
1 0.467862 0.540417 0.467862 0.559166 0.517664 0.558749 0.517387 0.539375
1 0.336163 0.542084 0.387349 0.541042 0.387902 0.560833 0.336717 0.561874
1 0.221619 0.544167 0.221342 0.564166 0.275018 0.563124 0.275571 0.543333
1 0.121185 0.545208 0.119801 0.565624 0.175414 0.565207 0.176520 0.544792
3 0.012174 0.569790 0.000277 0.569999 0.000000 0.589789 0.016047 0.589789 0.016324 0.586248
0 0.922807 0.637495 0.924190 0.654577 0.944941 0.653744 0.942451 0.636453
3 0.958775 0.634995 0.960236 0.644267 0.963202 0.652911 0.945771 0.653327 0.942174 0.635828
1 0.960435 0.634995 0.963755 0.652703 1.000000 0.651244 0.999447 0.633954
2 0.808539 0.639787 0.809369 0.656869 0.887946 0.654577 0.887392 0.636870
1 0.951858 0.726657 0.953795 0.743114 0.993913 0.741448 0.992806 0.725199
0 0.921700 0.727490 0.941621 0.726657 0.943281 0.743323 0.923084 0.744364
0 0.897906 0.728323 0.917550 0.727907 0.919487 0.744573 0.900119 0.745614
1 0.764547 0.735823 0.766484 0.754364 0.808262 0.752489 0.806602 0.733948
1 0.678777 0.739156 0.680714 0.757488 0.724706 0.756239 0.722769 0.738115
1 0.556762 0.744573 0.557316 0.763321 0.602968 0.761447 0.601861 0.742906
1 0.449135 0.749364 0.495340 0.747489 0.495893 0.765613 0.449412 0.767696
1 0.232133 0.756239 0.279168 0.751655 0.282488 0.769571 0.233793 0.774988
1 0.143319 0.761655 0.193674 0.759780 0.192568 0.778946 0.141936 0.781237
1 0.065019 0.763738 0.115098 0.760613 0.112608 0.780404 0.061976 0.783737
1 0.060039 0.764780 0.056719 0.784779 0.004980 0.787487 0.008854 0.767071
0 0.045928 0.663119 0.045375 0.680409 0.071936 0.679993 0.072213 0.660827
3 0.034861 0.663952 0.034585 0.681243 0.000000 0.681659 0.000277 0.666243
1 0.128932 0.657702 0.128102 0.677076 0.181777 0.675410 0.182054 0.656244
1 0.207785 0.655202 0.258694 0.653952 0.258970 0.673118 0.208062 0.674785
1 0.314306 0.652703 0.363831 0.651036 0.363831 0.669577 0.313752 0.671035
1 0.425807 0.648953 0.473949 0.647286 0.473949 0.666243 0.425530 0.667493
1 0.509640 0.646453 0.556675 0.644995 0.557782 0.662494 0.510747 0.665202
1 0.626121 0.643953 0.672050 0.642911 0.673157 0.660619 0.626952 0.661660
1 0.722682 0.641661 0.724342 0.658744 0.768610 0.657077 0.767504 0.639162
3 0.027500 0.916107 0.027243 0.934877 0.000257 0.937006 0.000000 0.918042
0 0.055257 0.913591 0.055257 0.932749 0.080958 0.931588 0.080958 0.911656
2 0.138785 0.907592 0.139299 0.926750 0.230537 0.921718 0.230537 0.902754
2 0.242873 0.901400 0.242616 0.921138 0.332055 0.915332 0.332826 0.896368
2 0.362896 0.895207 0.363410 0.912623 0.450022 0.907398 0.449765 0.889595
2 0.455420 0.888434 0.455420 0.906818 0.541003 0.901206 0.539718 0.882435
2 0.607312 0.878178 0.607569 0.895401 0.689040 0.892111 0.688526 0.874695
2 0.787968 0.867728 0.789510 0.885532 0.867383 0.879920 0.865584 0.862504
2 0.906449 0.859407 0.908248 0.876824 0.983037 0.871986 0.980467 0.854183
