0 0.049515 0.174735 0.080354 0.174408 0.077748 0.194031 0.046041 0.194031
0 0.199364 0.173427 0.228900 0.173754 0.226294 0.193703 0.196324 0.193703
0 0.258435 0.173427 0.287536 0.173427 0.286233 0.194031 0.256698 0.194031
0 0.340961 0.172446 0.370930 0.172119 0.370496 0.193376 0.340092 0.193703
0 0.480820 0.172119 0.509486 0.172119 0.509921 0.191741 0.481254 0.191741
0 0.812363 0.170484 0.839727 0.169503 0.842333 0.190106 0.814100 0.189779
0 0.937020 0.169176 0.966555 0.168195 0.970030 0.188471 0.940060 0.189125
1 0.650352 0.171138 0.709423 0.170484 0.711595 0.190433 0.652524 0.190433
2 0.539160 0.171465 0.539595 0.191414 0.647312 0.191414 0.645140 0.170157
1 0.103808 0.174408 0.099899 0.194031 0.158536 0.193703 0.161576 0.173754
3 0.031273 0.373246 0.042131 0.373573 0.042131 0.394831 0.030838 0.394177
1 0.069930 0.319285 0.123788 0.318304 0.123788 0.340216 0.068626 0.340543
1 0.130303 0.318631 0.129435 0.339235 0.185900 0.339562 0.186768 0.317977
1 0.190243 0.318304 0.245405 0.316996 0.246273 0.339235 0.190243 0.340216
1 0.257566 0.316996 0.314031 0.316669 0.314031 0.339235 0.257566 0.339889
1 0.334011 0.316342 0.334880 0.339562 0.391345 0.338580 0.390910 0.316342
2 0.408284 0.316996 0.509486 0.315361 0.510789 0.337599 0.409153 0.339562
1 0.518173 0.316342 0.518173 0.337599 0.574204 0.337599 0.573769 0.315688
1 0.579850 0.315361 0.579416 0.337599 0.635446 0.337272 0.634578 0.314707
0 0.659908 0.314707 0.688140 0.314707 0.689009 0.336618 0.660777 0.336291
0 0.722019 0.314707 0.750686 0.314380 0.751120 0.336291 0.723322 0.336945
0 0.924858 0.312745 0.952222 0.312091 0.952222 0.334983 0.924858 0.335310
1 0.860575 0.313726 0.916606 0.312418 0.917909 0.334656 0.861444 0.334329
0 0.920515 0.419031 0.946576 0.418704 0.949182 0.440289 0.921818 0.439962
0 0.842767 0.419685 0.870565 0.419685 0.870131 0.440289 0.842767 0.440943
0 0.777615 0.420339 0.804545 0.419685 0.806717 0.440943 0.779353 0.440943
0 0.744171 0.420012 0.745040 0.440616 0.772403 0.440616 0.771535 0.419685
0 0.695090 0.420994 0.721585 0.420339 0.722888 0.440943 0.695959 0.441270
0 0.628635 0.421321 0.655999 0.420994 0.656433 0.441270 0.629504 0.442251
0 0.527867 0.421648 0.554362 0.421321 0.555231 0.442251 0.528302 0.442905
0 0.460109 0.421975 0.487473 0.421321 0.487039 0.442578 0.459675 0.442578
0 0.408422 0.421648 0.435352 0.421321 0.435786 0.442578 0.408422 0.442905
0 0.339362 0.421648 0.367160 0.421321 0.367160 0.443559 0.339796 0.442905
0 0.300705 0.423283 0.328069 0.420994 0.328937 0.441924 0.301139 0.443232
3 0.013030 0.525318 0.011293 0.545594 0.000000 0.545594 0.000000 0.525318
0 0.227162 0.422629 0.254960 0.422629 0.254092 0.443232 0.226728 0.443886
0 0.187637 0.423610 0.213698 0.422956 0.213263 0.444213 0.186334 0.444540
0 0.132041 0.424591 0.159405 0.424264 0.157233 0.444213 0.130303 0.444213
0 0.090344 0.423937 0.117273 0.423283 0.115970 0.443886 0.087738 0.444540
3 0.881858 0.543959 0.903575 0.543959 0.902272 0.563581 0.885333 0.563908
3 0.871868 0.678371 0.872303 0.696358 0.885767 0.696685 0.891414 0.678371
2 0.760242 0.544613 0.761979 0.564235 0.858838 0.563581 0.856232 0.542978
1 0.804110 0.678044 0.854494 0.678371 0.855798 0.697012 0.805414 0.697012
1 0.747646 0.679025 0.797161 0.678371 0.798464 0.696685 0.748949 0.697339
1 0.688140 0.679679 0.737656 0.679352 0.738959 0.697012 0.688575 0.697012
1 0.635585 0.679025 0.685534 0.678044 0.685969 0.697993 0.636453 0.697993
1 0.584766 0.679679 0.633847 0.679025 0.634716 0.697993 0.585201 0.698320
3 0.510059 0.679679 0.572170 0.679352 0.572170 0.698320 0.509190 0.698647
1 0.371937 0.680333 0.421887 0.680333 0.421887 0.699628 0.371503 0.699628
1 0.296361 0.681968 0.345442 0.680987 0.345008 0.699301 0.295927 0.699955
1 0.238594 0.681641 0.288109 0.681641 0.287240 0.699628 0.238159 0.700282
1 0.186472 0.682622 0.185604 0.700609 0.235119 0.699955 0.235988 0.680987
1 0.126829 0.682622 0.126394 0.700936 0.177213 0.700936 0.177647 0.681968
1 0.039960 0.662346 0.038657 0.681314 0.088606 0.680987 0.089909 0.661692
0 0.037354 0.662019 0.036485 0.681641 0.011727 0.681968 0.012162 0.662346
1 0.991313 0.779425 0.994354 0.798720 0.946141 0.800028 0.948747 0.788909 0.954828 0.787601 0.956131 0.780406
2 0.767191 0.801009 0.767191 0.820305 0.854060 0.819978 0.853626 0.801009
1 0.958303 0.947347 0.960040 0.965661 0.999566 0.965334 0.999566 0.947347
1 0.854929 0.946039 0.902707 0.945385 0.905313 0.965988 0.857969 0.967296
1 0.792818 0.947347 0.794121 0.966969 0.841898 0.966315 0.841030 0.947020
1 0.707252 0.801162 0.708120 0.820130 0.754595 0.820130 0.754595 0.800508
1 0.742868 0.947347 0.745474 0.967950 0.792818 0.966969 0.791949 0.947020
1 0.675110 0.949636 0.675979 0.968932 0.723322 0.968605 0.722454 0.948655
1 0.597362 0.948982 0.598231 0.969259 0.646443 0.968605 0.645575 0.949309 0.638191 0.952580 0.623423 0.948655
1 0.054727 0.954542 0.053424 0.973183 0.102940 0.972529 0.103808 0.953561
0 0.028667 0.953234 0.026495 0.974164 0.001737 0.974164 0.003909 0.953234
1 0.145071 0.952580 0.142899 0.973183 0.192415 0.972529 0.193283 0.951272
1 0.254092 0.951599 0.252789 0.971875 0.301870 0.971875 0.303173 0.950618
1 0.328365 0.950945 0.327496 0.971221 0.376577 0.971221 0.376577 0.950945
0 0.031273 0.807703 0.055162 0.807376 0.053859 0.826998 0.029101 0.826998
0 0.078616 0.807376 0.102505 0.807703 0.100768 0.826998 0.076445 0.826344
0 0.148546 0.805414 0.172869 0.805414 0.171566 0.824709 0.148112 0.825036
0 0.215869 0.805086 0.240193 0.805086 0.239758 0.823728 0.216304 0.824382
0 0.269728 0.805741 0.293617 0.804105 0.294486 0.823401 0.269728 0.823728
0 0.310122 0.804759 0.334011 0.804105 0.334011 0.818822 0.327930 0.822746 0.310557 0.823073
0 0.364850 0.804105 0.389607 0.803778 0.389173 0.822092 0.365284 0.822746
1 0.603305 0.802797 0.650648 0.802470 0.651517 0.820784 0.603305 0.821111
1 0.541194 0.802470 0.590275 0.801816 0.589840 0.821438 0.542497 0.821111
2 0.465183 0.802797 0.540325 0.802797 0.541194 0.821111 0.464749 0.821438
0 0.982265 0.654697 1.000000 0.654363 1.000000 0.673725 0.982709 0.674393
1 0.704073 0.544532 0.756391 0.544198 0.759051 0.563894 0.706290 0.563894
1 0.645991 0.544866 0.697866 0.544198 0.700969 0.564228 0.647765 0.564228
1 0.590570 0.545200 0.642444 0.544532 0.644661 0.564228 0.591900 0.564562
1 0.520961 0.545534 0.572392 0.544532 0.573278 0.564562 0.521404 0.564896
1 0.451795 0.545534 0.503669 0.545200 0.503669 0.565564 0.451351 0.565564
1 0.395487 0.545868 0.446474 0.545868 0.446474 0.565897 0.394600 0.566231
1 0.216808 0.547871 0.269569 0.547871 0.267353 0.567900 0.214148 0.568234
1 0.160500 0.548204 0.212818 0.548204 0.210601 0.568234 0.158283 0.568234
1 0.152963 0.549206 0.151189 0.568568 0.113060 0.568568 0.113946 0.553879 0.104636 0.551543 0.099758 0.553546 0.101089 0.548872
2 0.281984 0.547203 0.280210 0.567567 0.376422 0.566565 0.377752 0.546535
