0 0.086183 0.251680 0.083976 0.270750 0.111250 0.270209 0.111250 0.250754
0 0.130369 0.251862 0.129194 0.272371 0.157410 0.271277 0.156522 0.252916
0 0.188856 0.252943 0.188049 0.272540 0.215601 0.272108 0.217001 0.252443
0 0.257760 0.253247 0.256566 0.274019 0.283249 0.273425 0.283948 0.253760
0 0.297639 0.254037 0.296482 0.273992 0.323998 0.273452 0.323702 0.254064
0 0.358962 0.254105 0.358872 0.274533 0.385356 0.274269 0.384988 0.255105
0 0.395585 0.256253 0.393009 0.274627 0.420194 0.276154 0.421755 0.256408
0 0.456611 0.256395 0.456521 0.277221 0.484037 0.276931 0.484549 0.257145
0 0.497100 0.257543 0.496661 0.276735 0.523199 0.277221 0.523235 0.257557
0 0.089826 0.355096 0.087565 0.372348 0.114345 0.372598 0.115889 0.355278
0 0.142831 0.355595 0.136371 0.373639 0.161716 0.373639 0.165341 0.356676
0 0.187529 0.356204 0.184200 0.373706 0.211277 0.375010 0.212452 0.357757
0 0.233814 0.355859 0.231571 0.374497 0.260083 0.375550 0.260541 0.356676
0 0.313098 0.357588 0.312936 0.378293 0.339717 0.377726 0.339789 0.358102
0 0.359975 0.359392 0.360181 0.377753 0.385886 0.378293 0.385626 0.358838
0 0.419970 0.360250 0.419584 0.380097 0.446329 0.379914 0.447064 0.360500
0 0.489995 0.360790 0.489501 0.380995 0.515286 0.381508 0.515080 0.361844
0 0.555148 0.362080 0.554816 0.380995 0.579497 0.382839 0.579865 0.362817
0 0.560908 0.258611 0.559876 0.277984 0.587222 0.278579 0.586926 0.258401
0 0.595117 0.258955 0.594785 0.278606 0.621530 0.278870 0.621880 0.258455
0 0.632790 0.259455 0.632000 0.279396 0.659202 0.278870 0.659534 0.259246
0 0.624087 0.362053 0.623055 0.382826 0.649558 0.382312 0.648840 0.362952
0 0.690631 0.363742 0.688316 0.383157 0.714379 0.382339 0.715608 0.364796
0 0.751567 0.364006 0.751217 0.383920 0.778312 0.384211 0.775881 0.363702
0 0.886413 0.365863 0.884978 0.383697 0.910816 0.384778 0.910816 0.365323
0 0.665016 0.259995 0.664702 0.279356 0.692587 0.279660 0.692918 0.260245
0 0.703604 0.259732 0.704474 0.279410 0.731085 0.280227 0.732152 0.260218
0 0.770489 0.261617 0.770121 0.282294 0.797269 0.281558 0.796937 0.261299
0 0.833336 0.262671 0.834350 0.282335 0.860798 0.282862 0.861148 0.262671
3 0.970111 0.367012 0.970811 0.385582 1.000000 0.384729 1.000000 0.366673
0 0.158900 0.455452 0.154315 0.474721 0.181161 0.474721 0.184031 0.456533
0 0.201495 0.456541 0.197529 0.474834 0.222790 0.475358 0.227096 0.456525
0 0.258945 0.456218 0.256074 0.475802 0.282342 0.476867 0.284944 0.458275
0 0.296996 0.457396 0.294982 0.477069 0.320991 0.478061 0.322577 0.457832
0 0.334438 0.458050 0.333023 0.476995 0.360199 0.477641 0.359610 0.458162
0 0.098610 0.456226 0.093756 0.472890 0.114539 0.473076 0.119145 0.456113
0 0.106933 0.554236 0.103205 0.572747 0.127929 0.574037 0.131497 0.554131
0 0.148702 0.554784 0.144396 0.574465 0.171024 0.574360 0.174453 0.554349
0 0.263252 0.556075 0.261548 0.575231 0.287428 0.575554 0.288554 0.555663
0 0.323232 0.556728 0.321828 0.576844 0.348705 0.577603 0.348973 0.556721
0 0.382098 0.558478 0.380254 0.576611 0.405773 0.576821 0.407358 0.557763
0 0.425720 0.558995 0.424026 0.577708 0.449338 0.576837 0.450025 0.559874
0 0.461927 0.559092 0.461679 0.577039 0.486331 0.577708 0.485912 0.560414
0 0.500825 0.559326 0.498981 0.577280 0.524082 0.578038 0.524670 0.560414
0 0.542604 0.560842 0.541189 0.578143 0.565861 0.577910 0.565721 0.560624
0 0.573296 0.560068 0.574205 0.578158 0.598639 0.579667 0.597772 0.560391
0 0.383404 0.459484 0.381530 0.477956 0.408138 0.478496 0.408566 0.459920
0 0.412682 0.459671 0.411536 0.478924 0.436388 0.478811 0.437106 0.458815
0 0.446287 0.460534 0.445001 0.479351 0.466544 0.479036 0.469146 0.460767
0 0.490906 0.461195 0.490219 0.479351 0.515340 0.479351 0.515639 0.461397
0 0.520194 0.461067 0.520065 0.479674 0.545805 0.479997 0.545655 0.461914
0 0.549502 0.462155 0.548366 0.480432 0.574386 0.480312 0.574076 0.462268
0 0.579188 0.462478 0.578341 0.480868 0.604211 0.481288 0.603493 0.462268
0 0.605884 0.462696 0.606772 0.481085 0.630938 0.481288 0.631485 0.462598
0 0.113682 0.638662 0.110951 0.657705 0.135375 0.657689 0.137698 0.638783
0 0.157744 0.639727 0.155064 0.658786 0.179895 0.658448 0.182018 0.639284
0 0.186753 0.659439 0.188586 0.639720 0.212891 0.639727 0.211037 0.659867
0 0.218463 0.639727 0.217476 0.659851 0.243315 0.659311 0.244611 0.639945
0 0.285791 0.641034 0.284237 0.659828 0.308810 0.660489 0.309786 0.640606
0 0.344915 0.642437 0.344367 0.661150 0.368533 0.661577 0.370097 0.642542
0 0.407678 0.643526 0.406243 0.662650 0.430806 0.662013 0.430935 0.644066
0 0.472673 0.643833 0.469962 0.663634 0.496730 0.663311 0.498135 0.643405
0 0.528208 0.645019 0.527402 0.664812 0.553303 0.663957 0.551965 0.645342
0 0.566140 0.645913 0.565422 0.664093 0.590383 0.664843 0.591121 0.646100
0 0.670192 0.462688 0.669773 0.482287 0.696681 0.482061 0.695096 0.463213
0 0.732677 0.463115 0.732816 0.482384 0.759404 0.483126 0.757529 0.463559
0 0.794243 0.463784 0.795399 0.483698 0.820861 0.483367 0.819074 0.462598
0 0.819611 0.463671 0.821228 0.483803 0.847794 0.483690 0.844056 0.464309
0 0.863007 0.484448 0.889305 0.484643 0.886413 0.464760 0.861401 0.465300
0 0.826231 0.563731 0.829980 0.582256 0.854146 0.581708 0.850118 0.563011
0 0.766132 0.563754 0.766421 0.580627 0.790824 0.581708 0.790535 0.563019
0 0.734993 0.562440 0.734693 0.582490 0.760134 0.582256 0.758709 0.562253
0 0.702942 0.562125 0.704677 0.581393 0.730010 0.581168 0.728863 0.561472
0 0.674284 0.561592 0.675580 0.580861 0.700035 0.580417 0.698429 0.561923
0 0.648166 0.562125 0.648177 0.581078 0.674924 0.580522 0.672740 0.562133
0 0.958929 0.442280 0.959089 0.460437 0.982774 0.460977 0.982914 0.442595
1 0.938393 0.648502 0.938264 0.667957 0.988439 0.667514 0.986125 0.648712
1 0.952428 0.536515 0.951581 0.554598 0.999453 0.554349 0.998735 0.536185
0 0.618685 0.646866 0.618814 0.666134 0.643098 0.665796 0.643387 0.648269
0 0.656467 0.647212 0.655300 0.666336 0.679724 0.666764 0.680132 0.648390
0 0.712580 0.649035 0.712002 0.668498 0.737123 0.667957 0.736565 0.648502
0 0.746283 0.649583 0.744300 0.666336 0.769421 0.666877 0.769261 0.649439
0 0.800212 0.650415 0.798848 0.669038 0.823443 0.668595 0.824837 0.649980
0 0.836171 0.651745 0.836171 0.668498 0.861901 0.669474 0.861024 0.650341
0 0.867034 0.651745 0.866735 0.669820 0.891696 0.669579 0.891406 0.651302
2 0.000000 0.729419 0.000000 0.744156 0.080589 0.745245 0.081157 0.725872 0.043970 0.725499 0.019146 0.742961 0.012343 0.724606 0.007118 0.725052
0 0.120849 0.725774 0.116393 0.744922 0.140688 0.745576 0.144736 0.725436
0 0.150535 0.726622 0.147137 0.745778 0.171422 0.745778 0.175310 0.726299
0 0.181568 0.726622 0.177701 0.746334 0.202295 0.747302 0.204010 0.726540
0 0.212540 0.727403 0.208843 0.746318 0.233984 0.746318 0.234702 0.728484
0 0.242107 0.727928 0.240294 0.748075 0.262694 0.746859 0.264878 0.728920
0 0.269691 0.729670 0.266841 0.747939 0.290707 0.747617 0.291404 0.729025
0 0.300735 0.731404 0.297864 0.747076 0.322897 0.748931 0.322716 0.731315
0 0.330260 0.730428 0.330162 0.747939 0.352593 0.748456 0.354385 0.729872
0 0.367066 0.731074 0.364614 0.749561 0.389218 0.750327 0.390365 0.730848
0 0.392275 0.730638 0.391119 0.749553 0.414298 0.749771 0.416332 0.730751
0 0.420598 0.731727 0.418444 0.750101 0.443028 0.750536 0.443018 0.732154
0 0.451471 0.732364 0.449137 0.751746 0.473540 0.751738 0.473711 0.732808
0 0.483010 0.732897 0.482463 0.751174 0.505441 0.751182 0.506309 0.732703
0 0.512536 0.733123 0.510724 0.751843 0.534440 0.751835 0.534600 0.733025
0 0.537869 0.733558 0.537590 0.752166 0.560150 0.753351 0.560449 0.734009
0 0.126142 0.828341 0.124578 0.845222 0.146719 0.846280 0.148263 0.828244
0 0.149668 0.828108 0.149848 0.845868 0.172289 0.846070 0.172697 0.828559
0 0.175119 0.828454 0.174721 0.846311 0.197741 0.846303 0.198288 0.827801
0 0.200209 0.827680 0.199063 0.846093 0.222521 0.846303 0.223518 0.827793
0 0.248468 0.828341 0.244751 0.847376 0.269304 0.847376 0.272025 0.828994
0 0.299686 0.829092 0.298003 0.846093 0.320114 0.847392 0.321079 0.829527
0 0.344806 0.829632 0.342503 0.847400 0.366359 0.847602 0.366788 0.829430
0 0.375938 0.830067 0.373655 0.847497 0.398100 0.848473 0.397651 0.830083
0 0.404797 0.829309 0.401936 0.847376 0.425803 0.847812 0.425622 0.830083
0 0.438521 0.831156 0.437824 0.847827 0.460254 0.848465 0.461390 0.830721
0 0.470551 0.831156 0.468516 0.848683 0.492083 0.848683 0.492542 0.830954
0 0.517214 0.831269 0.515500 0.848788 0.538039 0.848570 0.538917 0.831592
0 0.542723 0.831809 0.542614 0.850078 0.565711 0.850078 0.565711 0.831704
0 0.571626 0.733663 0.571507 0.752803 0.594336 0.753771 0.593757 0.734429
0 0.600904 0.734421 0.602809 0.754117 0.625359 0.754207 0.624630 0.734767
0 0.627718 0.735510 0.628927 0.753682 0.652215 0.753577 0.649891 0.734864
0 0.578075 0.831922 0.578674 0.849876 0.602272 0.850191 0.602370 0.832245
0 0.623185 0.850844 0.646163 0.851385 0.644727 0.831930 0.622797 0.832140
0 0.655731 0.832665 0.654745 0.850627 0.680604 0.851700 0.679169 0.832245
0 0.693524 0.833866 0.694840 0.851144 0.717209 0.851159 0.715774 0.832245
0 0.727686 0.834076 0.727418 0.852337 0.749389 0.851700 0.749817 0.834511
0 0.778068 0.834406 0.776622 0.852466 0.800178 0.852691 0.799032 0.834406
0 0.819299 0.836028 0.820435 0.853006 0.842814 0.853224 0.841978 0.835479
0 0.688479 0.735389 0.689346 0.754432 0.713600 0.754852 0.711467 0.734969
0 0.740895 0.755505 0.766294 0.755723 0.764162 0.737018 0.742041 0.736252
0 0.804614 0.736824 0.804056 0.755505 0.827902 0.756586 0.827024 0.736591
0 0.834769 0.737671 0.834919 0.755505 0.858605 0.756586 0.857179 0.737461
0 0.863629 0.740374 0.865782 0.754965 0.886597 0.758748 0.885161 0.740374
2 0.914589 0.836568 0.914010 0.853457 0.998495 0.853869 0.997715 0.836335
0 0.925569 0.737874 0.926607 0.754965 0.950850 0.754837 0.947261 0.737769
2 0.134497 0.967478 0.131616 0.985214 0.216970 0.985926 0.217967 0.966914
2 0.275004 0.968722 0.273569 0.986015 0.357482 0.986781 0.357555 0.967979
2 0.393003 0.969849 0.392007 0.987248 0.476055 0.987714 0.474898 0.969624
2 0.481575 0.970028 0.479571 0.987563 0.561425 0.987877 0.563000 0.969923
2 0.573327 0.969736 0.571143 0.987353 0.655470 0.987788 0.654045 0.970495
2 0.699619 0.969946 0.700786 0.988966 0.783776 0.988441 0.781194 0.970479
1 0.906389 0.972485 0.905965 0.988651 0.949799 0.988449 0.950357 0.972434
0 0.982856 0.282146 0.982506 0.263178 0.998600 0.262915 0.999300 0.282146
3 0.983976 0.442591 0.984344 0.460560 0.995725 0.461113 0.995725 0.442038
