0 0.078460 0.133831 0.093954 0.132581 0.106128 0.131331 0.108341 0.147163 0.095891 0.146538 0.090357 0.149246 0.088421 0.153204 0.082057 0.154246
0 0.178618 0.135080 0.204625 0.131956 0.207392 0.150080 0.197985 0.147996 0.191898 0.148621 0.189408 0.150705 0.182491 0.156121
0 0.266878 0.127581 0.292332 0.122164 0.298142 0.139872 0.294545 0.140289 0.288182 0.136955 0.280988 0.137789 0.276008 0.141122 0.273241 0.143413
0 0.352924 0.133622 0.378932 0.134039 0.378932 0.150080 0.372569 0.147371 0.365652 0.147163 0.360118 0.149455 0.357905 0.153204 0.352648 0.152996
0 0.916720 0.226742 0.942174 0.221742 0.941621 0.244033 0.916443 0.248408
0 0.563403 0.133414 0.589134 0.135289 0.587750 0.151746 0.585260 0.150288 0.583877 0.147163 0.579727 0.146955 0.576960 0.147580 0.570873 0.148830 0.565063 0.153829 0.561743 0.153621
0 0.665773 0.139455 0.690674 0.139039 0.691781 0.154038 0.684311 0.152579 0.677394 0.154246 0.671584 0.159454 0.665773 0.159662
0 0.786405 0.138414 0.809646 0.131122 0.819330 0.150288 0.813796 0.152163 0.811583 0.149871 0.807709 0.150080 0.804942 0.150496 0.794429 0.152996
3 0.977036 0.182578 0.982569 0.200702 1.000000 0.200077 1.000000 0.181745
0 0.833993 0.136747 0.860278 0.131956 0.865811 0.150705 0.863321 0.151121 0.860554 0.147580 0.854191 0.146746 0.849764 0.147996 0.843400 0.151330 0.839527 0.154871
1 0.951305 0.321945 0.952411 0.342569 1.000000 0.342361 1.000000 0.321112
0 0.969289 0.424023 0.971226 0.443814 0.954072 0.444022 0.954625 0.436522 0.950475 0.424231
3 0.983676 0.424440 0.999723 0.424023 1.000000 0.443397 0.985336 0.444022
3 0.970949 0.545475 0.975376 0.564432 0.958775 0.565057 0.955455 0.559016 0.960435 0.545683
3 0.978972 0.545266 0.982846 0.564640 1.000000 0.564015 0.999723 0.545058
0 0.815179 0.523601 0.840634 0.523184 0.842294 0.543392 0.816839 0.543392
0 0.765654 0.523393 0.791385 0.523184 0.792492 0.542767 0.766484 0.542558
0 0.718619 0.524226 0.744073 0.524226 0.745733 0.542975 0.720002 0.542975
0 0.692058 0.523601 0.717789 0.523809 0.718896 0.542767 0.693441 0.542767
0 0.658026 0.523184 0.683757 0.522976 0.684864 0.542767 0.658856 0.542975
0 0.592177 0.523601 0.617632 0.522976 0.618738 0.542558 0.592731 0.542767
0 0.511664 0.523393 0.536842 0.522768 0.537118 0.542558 0.511387 0.542767
0 0.467396 0.523601 0.492850 0.523393 0.493403 0.542558 0.467672 0.542558
0 0.417040 0.523809 0.443325 0.523601 0.443048 0.542558 0.416764 0.542558
0 0.362811 0.523393 0.388266 0.523601 0.387989 0.542558 0.361981 0.542350
0 0.322416 0.523184 0.348978 0.523184 0.347871 0.542767 0.321586 0.542975
0 0.265144 0.523393 0.291982 0.523184 0.290875 0.543183 0.263761 0.543392
0 0.211382 0.523601 0.237943 0.523601 0.237113 0.543392 0.209998 0.543600
0 0.153279 0.523601 0.179010 0.523809 0.176797 0.543392 0.150513 0.543183
0 0.109841 0.523809 0.136402 0.523809 0.134189 0.543600 0.107628 0.543183
0 0.071936 0.523809 0.099327 0.524018 0.096560 0.543183 0.069723 0.543183 0.071601 0.535201
1 0.963202 0.675468 1.000000 0.675259 1.000000 0.693175 0.964862 0.693592
1 0.907036 0.676093 0.908696 0.694217 0.956562 0.693383 0.954625 0.675051
1 0.827630 0.655885 0.828737 0.674218 0.878262 0.674426 0.876878 0.655469
0 0.801345 0.655885 0.824863 0.655260 0.827076 0.674843 0.803006 0.675051
0 0.708658 0.655885 0.732176 0.655677 0.733283 0.675259 0.709212 0.675259
1 0.749883 0.655885 0.798025 0.655677 0.799962 0.674843 0.750990 0.674843
1 0.529925 0.656094 0.578620 0.655469 0.579727 0.674843 0.529925 0.675259
0 0.642256 0.656302 0.666880 0.655677 0.667710 0.674843 0.643916 0.675468
0 0.599094 0.656510 0.623165 0.655677 0.624548 0.675259 0.600201 0.675468
0 0.440471 0.656510 0.464542 0.656510 0.464265 0.675259 0.439917 0.675259
0 0.412250 0.656302 0.436597 0.656510 0.435767 0.675884 0.411143 0.675259
0 0.357191 0.656302 0.381815 0.656302 0.381262 0.675676 0.356361 0.675468
0 0.289128 0.656927 0.313752 0.656719 0.311262 0.676093 0.286915 0.676093
0 0.232686 0.657135 0.257310 0.657135 0.254820 0.676093 0.229642 0.676301
0 0.179287 0.657135 0.203635 0.657135 0.200591 0.676093 0.175414 0.676093
0 0.135019 0.656927 0.160196 0.656719 0.156046 0.676093 0.131145 0.676301
0 0.091304 0.657344 0.116758 0.657344 0.112331 0.675676 0.086600 0.676093
0 0.959328 0.795844 0.981739 0.795219 0.984229 0.813760 0.960988 0.813968
0 0.894032 0.796053 0.916720 0.795428 0.918380 0.814385 0.895416 0.814802
0 0.824586 0.797928 0.848104 0.797303 0.850041 0.816468 0.826246 0.816885
0 0.778658 0.798761 0.801899 0.798344 0.803282 0.816885 0.780041 0.817093
0 0.684311 0.798761 0.706998 0.798553 0.708105 0.817093 0.685141 0.817302
0 0.628422 0.798969 0.652493 0.798344 0.652770 0.817302 0.629529 0.817510
0 0.583600 0.799594 0.607118 0.799178 0.608224 0.817718 0.584707 0.817718
0 0.528541 0.798969 0.552059 0.798553 0.552889 0.817927 0.528818 0.818135
0 0.479569 0.799386 0.503087 0.798969 0.503640 0.817927 0.480123 0.818135
0 0.432257 0.799803 0.455498 0.799803 0.455222 0.818760 0.431981 0.818968
0 0.388266 0.800011 0.411783 0.799594 0.411507 0.818760 0.387989 0.818760
0 0.124782 0.802094 0.148023 0.801886 0.146916 0.820843 0.122292 0.821260
0 0.162410 0.801677 0.186204 0.801261 0.183991 0.820635 0.160473 0.821051
0 0.214702 0.801677 0.238219 0.801261 0.236836 0.820426 0.213318 0.820635
0 0.249287 0.801261 0.272527 0.800636 0.272251 0.819801 0.248457 0.820010
2 0.294108 0.800844 0.379602 0.800219 0.379602 0.818552 0.294108 0.819385
1 0.907590 0.939170 0.910080 0.957711 0.957115 0.956669 0.954348 0.937712
1 0.820990 0.941045 0.822926 0.959586 0.872175 0.958127 0.870515 0.940003
0 0.771464 0.940837 0.772848 0.960419 0.796642 0.960211 0.795812 0.940628
1 0.676841 0.942086 0.677394 0.961460 0.724429 0.960419 0.723599 0.943753 0.713639 0.941253
1 0.558976 0.943128 0.559253 0.962710 0.607118 0.961669 0.606011 0.942295
1 0.475419 0.944378 0.475143 0.963544 0.523284 0.962710 0.523008 0.943336
1 0.402653 0.944170 0.449965 0.943961 0.450242 0.963752 0.401823 0.964377
1 0.325183 0.944795 0.373602 0.944586 0.372772 0.964585 0.324630 0.964585
1 0.250204 0.945836 0.298069 0.945836 0.296409 0.965210 0.248267 0.965627
1 0.174030 0.946670 0.221342 0.945628 0.220235 0.965419 0.172370 0.965835
1 0.116481 0.946461 0.164070 0.946461 0.162133 0.965835 0.113991 0.965627
1 0.044545 0.947295 0.042885 0.967293 0.000000 0.967293 0.000277 0.947920
2 0.858789 0.374214 0.762467 0.373862 0.762467 0.394985 0.859724 0.394633
1 0.700745 0.374214 0.701681 0.395338 0.755921 0.394633 0.754050 0.373510
1 0.646973 0.373862 0.700278 0.372453 0.700745 0.394281 0.647908 0.395338
0 0.487994 0.373158 0.513711 0.373158 0.515582 0.394985 0.487994 0.394985
0 0.458069 0.373862 0.484254 0.373862 0.485189 0.394281 0.457601 0.394633
0 0.177050 0.372101 0.204638 0.372101 0.203235 0.392873 0.175647 0.393225
1 0.377341 0.373510 0.431114 0.372805 0.432049 0.394281 0.378276 0.394281
1 0.307203 0.372453 0.361443 0.372453 0.361443 0.393577 0.307203 0.393225
1 0.212751 0.372101 0.266524 0.372101 0.266991 0.393577 0.211816 0.393225
1 0.107545 0.371749 0.105674 0.392521 0.160849 0.393225 0.160849 0.372101
1 0.044421 0.372101 0.042083 0.392521 0.098660 0.392521 0.100531 0.371749
3 0.860076 0.375528 0.860076 0.394823 0.889177 0.394823 0.891783 0.375528
