0 0.038309 0.256175 0.069320 0.255654 0.063432 0.293712 0.031636 0.292148
0 0.074031 0.255132 0.105827 0.256175 0.100331 0.294755 0.068142 0.294233
0 0.109752 0.254090 0.141941 0.255654 0.138015 0.295797 0.105434 0.295276
0 0.500727 0.471492 0.531346 0.472014 0.532131 0.512157 0.501120 0.512157
0 0.419470 0.256696 0.451659 0.257739 0.450874 0.297883 0.418685 0.297362
0 0.463828 0.257739 0.463436 0.297883 0.494839 0.297883 0.495232 0.257218
0 0.558039 0.257218 0.590620 0.257739 0.591798 0.298404 0.559217 0.299447
0 0.614958 0.258782 0.647147 0.259303 0.647932 0.299447 0.615351 0.298926
0 0.679336 0.259824 0.710739 0.259303 0.712309 0.299447 0.680513 0.299447
0 0.746068 0.259824 0.748424 0.299968 0.781005 0.300490 0.777864 0.260867
0 0.642436 0.471492 0.644006 0.513200 0.675018 0.513200 0.672662 0.472014
0 0.786063 0.260346 0.789203 0.301011 0.820607 0.300490 0.817859 0.260346
0 0.854366 0.261910 0.858291 0.301532 0.890872 0.302054 0.886947 0.261910
0 0.917958 0.261910 0.921491 0.302575 0.954072 0.303096 0.949754 0.260867
0 0.956820 0.262952 0.960745 0.302575 0.993719 0.302575 0.988616 0.262952
1 0.058882 0.663730 0.052601 0.703874 0.111875 0.705959 0.117764 0.664251
1 0.294016 0.667379 0.290876 0.708566 0.351721 0.708044 0.353291 0.666858
1 0.452997 0.666858 0.452212 0.709087 0.513449 0.710130 0.513449 0.668422
1 0.049853 0.807101 0.046320 0.845681 0.105595 0.847766 0.107557 0.808665
1 0.146812 0.806579 0.144457 0.848287 0.203731 0.849851 0.206479 0.809186
1 0.266146 0.809186 0.264576 0.850894 0.204124 0.848287 0.207264 0.808143
1 0.295587 0.809707 0.296372 0.849330 0.355646 0.845159 0.354076 0.804494
1 0.364675 0.812314 0.363104 0.851937 0.421986 0.854544 0.423164 0.813878
1 0.482046 0.815964 0.481653 0.855586 0.541320 0.857150 0.540928 0.816485
1 0.600389 0.815964 0.601174 0.857672 0.662018 0.858193 0.660841 0.817528
1 0.724826 0.819613 0.725611 0.859757 0.786455 0.862364 0.784493 0.821699
1 0.815111 0.821699 0.816681 0.862364 0.877918 0.863928 0.875563 0.823263
1 0.927379 0.824827 0.928949 0.867056 0.991364 0.867056 0.987831 0.825869
1 0.550928 0.666336 0.549750 0.707523 0.610595 0.712215 0.609810 0.669986
1 0.714227 0.672071 0.715405 0.712737 0.777034 0.714822 0.773894 0.672593
1 0.841804 0.673114 0.846515 0.715343 0.908929 0.715343 0.902649 0.674157
1 0.047105 0.469788 0.040825 0.507846 0.102454 0.509932 0.107165 0.471352
1 0.274782 0.469788 0.272427 0.510974 0.334841 0.510453 0.335626 0.468745
1 0.356824 0.470830 0.355254 0.510453 0.418061 0.510974 0.419238 0.471352
1 0.431015 0.470309 0.429837 0.510974 0.491074 0.510974 0.491859 0.470309
1 0.547601 0.471352 0.547993 0.512017 0.610408 0.512017 0.610016 0.473437
1 0.704619 0.472916 0.705797 0.513581 0.768996 0.514102 0.766641 0.473959
1 0.805297 0.473437 0.807260 0.513060 0.870067 0.513581 0.867320 0.473437
1 0.929342 0.474480 0.932875 0.515145 0.996860 0.515666 0.991364 0.473959
1 0.927772 0.473959 0.932090 0.514624 0.870067 0.514102 0.867712 0.473437
3 0.767613 0.472916 0.805297 0.473959 0.806475 0.513581 0.769183 0.513060
1 0.166832 0.254992 0.230424 0.254992 0.226891 0.294614 0.164084 0.295657
1 0.248089 0.255513 0.244163 0.295657 0.307363 0.296178 0.309326 0.256556
1 0.325028 0.256034 0.322672 0.295657 0.386657 0.297742 0.388620 0.258120
