0 0.016545 0.187697 0.046759 0.187697 0.045320 0.208821 0.015107 0.208821
0 0.052154 0.188239 0.081288 0.188510 0.081288 0.209634 0.049636 0.209092
0 0.087043 0.187697 0.116537 0.187968 0.116537 0.209634 0.086323 0.209904
1 0.140995 0.187968 0.139916 0.210446 0.199623 0.209634 0.201062 0.188239
1 0.217247 0.188239 0.275516 0.187968 0.275516 0.209634 0.216528 0.210175
1 0.290622 0.187697 0.290622 0.209634 0.350329 0.209904 0.349610 0.187968
1 0.248899 0.305774 0.249259 0.327440 0.306808 0.326086 0.305729 0.305503
1 0.324792 0.306045 0.324432 0.326898 0.383060 0.326898 0.382341 0.305774
1 0.035608 0.306857 0.034170 0.327169 0.091359 0.327711 0.092438 0.306316
1 0.392772 0.304420 0.393491 0.326356 0.450680 0.326356 0.448882 0.304962
1 0.502834 0.304691 0.502834 0.326356 0.560023 0.326086 0.558944 0.304420
1 0.644548 0.304149 0.644548 0.325544 0.701737 0.325273 0.701737 0.303878
1 0.735188 0.303066 0.736267 0.323377 0.793456 0.323648 0.791658 0.302524
1 0.845610 0.304149 0.847768 0.323919 0.794535 0.324461 0.791658 0.303337
1 0.902439 0.303337 0.904957 0.323377 0.849566 0.323919 0.847049 0.303337
1 0.702457 0.303608 0.734828 0.303337 0.735547 0.323107 0.758927 0.323377 0.757848 0.325002 0.701737 0.325002
0 0.379463 0.188510 0.409677 0.188239 0.410036 0.209363 0.379823 0.209904
0 0.421186 0.188239 0.449961 0.187426 0.451400 0.209634 0.421546 0.209904
0 0.510028 0.188239 0.538802 0.187968 0.541320 0.209092 0.510747 0.209904
0 0.562181 0.187968 0.562541 0.209363 0.591675 0.209634 0.591315 0.187968
0 0.621529 0.188239 0.650303 0.188239 0.651382 0.209904 0.622608 0.209634
0 0.683481 0.188239 0.712615 0.187968 0.713694 0.210175 0.684200 0.210446
0 0.720528 0.187968 0.720888 0.210175 0.750381 0.209634 0.750022 0.187697
0 0.784191 0.187968 0.784191 0.209904 0.813685 0.209904 0.812606 0.187968
0 0.841021 0.187968 0.870515 0.187426 0.871234 0.210446 0.841740 0.210175
0 0.876270 0.187697 0.906123 0.187426 0.907202 0.210175 0.876989 0.210175
0 0.914036 0.187426 0.942811 0.187426 0.944609 0.209363 0.915115 0.209904
0 0.458321 0.304962 0.487095 0.305233 0.488174 0.325815 0.458680 0.326356
0 0.588165 0.304420 0.616220 0.303608 0.617299 0.325544 0.589244 0.325815
0 0.914036 0.302795 0.941372 0.303066 0.943890 0.323377 0.915475 0.323648
1 0.056110 0.412206 0.053592 0.431976 0.108624 0.432246 0.110062 0.411935
1 0.272638 0.411123 0.272638 0.431434 0.327310 0.430892 0.327310 0.410852
1 0.419028 0.411935 0.417949 0.431705 0.473340 0.431434 0.473340 0.411664
1 0.054672 0.486952 0.054312 0.505909 0.107545 0.505638 0.107545 0.486952
1 0.143513 0.486952 0.143153 0.505909 0.196745 0.506180 0.196745 0.486410
1 0.252496 0.485327 0.252496 0.505367 0.198184 0.505638 0.198184 0.485327
1 0.279112 0.485327 0.281630 0.505097 0.334144 0.501847 0.332345 0.482077
1 0.342057 0.485598 0.342057 0.504826 0.394930 0.504826 0.394210 0.485056
1 0.447083 0.486410 0.447803 0.505367 0.499597 0.504284 0.499237 0.486410
1 0.506790 0.410310 0.505352 0.430351 0.559304 0.430351 0.559304 0.410310
1 0.551031 0.484785 0.603545 0.484244 0.604264 0.504013 0.551031 0.504826
1 0.659655 0.485598 0.660014 0.504284 0.713967 0.504826 0.714686 0.485056
1 0.740583 0.484244 0.740943 0.504826 0.794535 0.504284 0.793816 0.483702
1 0.839495 0.484514 0.839495 0.504555 0.892368 0.504284 0.892368 0.484244
1 0.440249 0.579843 0.439890 0.599071 0.491324 0.598529 0.492044 0.579030
1 0.493482 0.579030 0.544197 0.579572 0.544917 0.598258 0.493842 0.598529
1 0.545636 0.578489 0.545636 0.598258 0.597790 0.598529 0.596711 0.579572
1 0.621169 0.579572 0.620809 0.599071 0.674042 0.599342 0.672244 0.580113
1 0.590236 0.667046 0.639513 0.667046 0.639872 0.686003 0.590236 0.686003
1 0.654979 0.667588 0.655339 0.686274 0.705334 0.686545 0.704255 0.667588
1 0.522257 0.666234 0.572252 0.666505 0.572612 0.686816 0.522976 0.687087
1 0.461111 0.668129 0.505711 0.667046 0.507150 0.686274 0.457154 0.686545 0.461111 0.683295
1 0.412554 0.668942 0.411475 0.686816 0.460032 0.684108 0.459313 0.667046
1 0.725476 0.667317 0.725476 0.686003 0.774753 0.686274 0.774753 0.667317
1 0.740943 0.578489 0.741302 0.598529 0.793456 0.598800 0.792737 0.579572
1 0.794895 0.579843 0.795255 0.598800 0.847408 0.599071 0.845250 0.578759
1 0.850645 0.579030 0.851365 0.597987 0.903518 0.598800 0.901720 0.578759
1 0.789500 0.667588 0.788780 0.685733 0.837697 0.685733 0.837697 0.666775
1 0.838776 0.667046 0.838776 0.685733 0.888772 0.686545 0.889131 0.667317
1 0.361839 0.668671 0.362199 0.687087 0.411475 0.687087 0.412194 0.667859
3 0.323353 0.668671 0.361479 0.668671 0.360760 0.686816 0.324432 0.687087
1 0.274796 0.669484 0.274796 0.687628 0.323713 0.687358 0.322993 0.667859
1 0.224081 0.668942 0.224441 0.688170 0.275516 0.687899 0.274437 0.668400
1 0.140276 0.668671 0.140276 0.687628 0.190991 0.688170 0.190271 0.668942
1 0.087402 0.669213 0.088122 0.688441 0.137758 0.687358 0.137398 0.668129
0 0.078770 0.586342 0.105746 0.585530 0.105387 0.602050 0.078410 0.602321
0 0.121212 0.582009 0.147109 0.581197 0.146750 0.601508 0.120853 0.602050
0 0.192789 0.581468 0.219046 0.580926 0.219046 0.601237 0.192789 0.601779
0 0.299614 0.580655 0.326231 0.579843 0.326590 0.600154 0.300334 0.600696
0 0.340618 0.581197 0.366515 0.580384 0.366875 0.599612 0.340618 0.600425
0 0.402123 0.579843 0.428020 0.578489 0.429819 0.598529 0.403562 0.599612
1 0.089920 0.752625 0.089561 0.771582 0.137758 0.771041 0.136319 0.751812
1 0.173726 0.753166 0.175165 0.771041 0.138477 0.770770 0.137398 0.752625
1 0.174805 0.752896 0.220484 0.752625 0.221923 0.770499 0.176603 0.771041
1 0.269401 0.753166 0.269041 0.771582 0.223002 0.770228 0.222642 0.752625
1 0.270840 0.753166 0.318677 0.751542 0.319037 0.771041 0.270480 0.771582
1 0.365795 0.752625 0.366515 0.770499 0.319756 0.771311 0.319756 0.752896
1 0.414352 0.752083 0.414712 0.770499 0.367234 0.770770 0.366875 0.751812
1 0.420467 0.751271 0.421186 0.770770 0.469024 0.770770 0.468664 0.751542
1 0.502474 0.751271 0.502834 0.771853 0.551751 0.770770 0.551031 0.751271
1 0.342057 0.831433 0.341697 0.849849 0.389175 0.849849 0.390254 0.831433
1 0.408598 0.831433 0.409317 0.850390 0.456075 0.850390 0.455356 0.831433
1 0.465427 0.831704 0.465427 0.849307 0.511826 0.849849 0.512186 0.831704
1 0.538442 0.830891 0.537723 0.848495 0.584122 0.850120 0.585201 0.831704
1 0.597790 0.831162 0.598149 0.850120 0.645268 0.850390 0.644908 0.830891
1 0.097833 0.960190 0.095315 0.978876 0.144951 0.978876 0.146750 0.960190
1 0.221563 0.959648 0.218686 0.978335 0.267243 0.979418 0.269041 0.961273
1 0.345653 0.960731 0.344934 0.979689 0.393851 0.979959 0.395649 0.960731
1 0.425143 0.959919 0.473700 0.959919 0.472621 0.979147 0.424423 0.979418
1 0.486289 0.960190 0.485929 0.978876 0.535205 0.978876 0.535925 0.960190
1 0.556513 0.960731 0.557233 0.979689 0.604711 0.979418 0.604351 0.960190
1 0.619458 0.960731 0.620896 0.979418 0.668734 0.978876 0.668015 0.959919
1 0.680244 0.959648 0.681323 0.978876 0.730599 0.978605 0.729520 0.959106
1 0.757215 0.960190 0.758654 0.979418 0.807211 0.979418 0.806132 0.960190
1 0.818001 0.959919 0.820519 0.978335 0.870875 0.978605 0.868716 0.959648
1 0.911159 0.958565 0.913677 0.978335 0.961154 0.978335 0.957917 0.959377
3 0.966550 0.958565 0.968348 0.978064 0.999640 0.977251 1.000000 0.958294
0 0.730959 0.959648 0.732397 0.978876 0.756856 0.978605 0.755777 0.959377
1 0.661900 0.830197 0.661900 0.850508 0.709378 0.850508 0.709378 0.830738
1 0.711176 0.831280 0.711536 0.849967 0.758654 0.850237 0.758294 0.831280
1 0.958637 0.811781 0.959716 0.831551 0.999281 0.831280 0.999281 0.813135
1 0.579173 0.751930 0.579533 0.771429 0.627730 0.770617 0.627730 0.751389
1 0.629529 0.752472 0.677366 0.751659 0.678805 0.770075 0.630967 0.770617
1 0.683840 0.751389 0.684920 0.770887 0.733117 0.770617 0.732757 0.750847
1 0.734196 0.751659 0.734196 0.770617 0.781674 0.771158 0.780954 0.751659
1 0.824476 0.751389 0.825914 0.771158 0.782393 0.770887 0.781314 0.751659
1 0.826274 0.750847 0.827713 0.770887 0.875550 0.770887 0.873752 0.751659
0 0.799298 0.831280 0.823397 0.831280 0.824835 0.850508 0.800737 0.850508
0 0.831669 0.831551 0.855049 0.831551 0.856847 0.851050 0.832748 0.851050
0 0.110782 0.832363 0.133801 0.832092 0.133082 0.851050 0.109703 0.851050
0 0.138837 0.831822 0.161856 0.831009 0.161137 0.850237 0.137398 0.850508
0 0.191350 0.831822 0.215089 0.832092 0.214730 0.850237 0.190631 0.850508
0 0.230196 0.831822 0.253935 0.831551 0.253935 0.849696 0.230555 0.850508
0 0.260409 0.831822 0.283429 0.831551 0.283069 0.850237 0.259330 0.850237
0 0.288464 0.832092 0.288824 0.850237 0.312203 0.850237 0.311843 0.831551
0 0.317598 0.831009 0.340618 0.831280 0.340258 0.849967 0.316879 0.849425
1 0.651237 0.408808 0.651407 0.428927 0.707272 0.429861 0.705720 0.408830
1 0.766240 0.408362 0.819622 0.407661 0.823346 0.427992 0.768723 0.428459
1 0.939480 0.531046 0.942273 0.551610 0.993793 0.551610 0.991931 0.531279
0 0.926445 0.622883 0.952515 0.622883 0.954688 0.642512 0.929548 0.642512
3 0.977964 0.622883 0.999690 0.623117 0.999690 0.642279 0.978896 0.642279
0 0.953136 0.434301 0.981068 0.434068 0.982310 0.454632 0.955308 0.454398
3 0.981689 0.433600 0.983861 0.454632 0.999379 0.454164 0.999690 0.434068
0 0.925514 0.812166 0.949411 0.812633 0.950032 0.831328 0.926445 0.832029
0 0.896961 0.812400 0.920238 0.812400 0.922410 0.831328 0.898823 0.832029
0 0.914961 0.710280 0.939790 0.710514 0.941963 0.730143 0.917755 0.729910
0 0.950342 0.711215 0.973309 0.705607 0.981999 0.724068 0.957481 0.729209
3 0.984792 0.328209 1.000000 0.328443 1.000000 0.349475 0.986965 0.349241
