0 0.077106 0.244296 0.074319 0.263431 0.102467 0.264131 0.104790 0.244978
0 0.109032 0.244922 0.107728 0.264577 0.135195 0.265442 0.136064 0.245592
0 0.146405 0.246208 0.144390 0.265744 0.172194 0.266489 0.172755 0.246327
0 0.176054 0.246417 0.174293 0.266444 0.202224 0.267025 0.203745 0.246417
0 0.210804 0.247071 0.208264 0.266771 0.235350 0.267307 0.237776 0.247731
0 0.246229 0.247489 0.243531 0.267566 0.271149 0.267984 0.272325 0.247962
0 0.277526 0.247935 0.274768 0.268147 0.301951 0.268683 0.304401 0.247703
0 0.309421 0.248352 0.307218 0.268452 0.334318 0.269456 0.335524 0.249057
0 0.341273 0.249548 0.338709 0.269056 0.366701 0.269688 0.367907 0.249480
0 0.376644 0.249892 0.375745 0.269924 0.401781 0.270088 0.402156 0.249993
0 0.447891 0.250361 0.447306 0.270646 0.473590 0.271673 0.474894 0.251116
0 0.480679 0.251787 0.479900 0.271510 0.507411 0.272209 0.507912 0.252183
0 0.511655 0.251923 0.511114 0.272504 0.538400 0.272204 0.538671 0.252391
0 0.546539 0.252673 0.545706 0.272232 0.572859 0.272582 0.573263 0.252487
0 0.577288 0.252882 0.576913 0.272627 0.603939 0.273326 0.603879 0.253587
1 0.157030 0.348556 0.154099 0.366665 0.207355 0.367201 0.209798 0.348674
1 0.271673 0.349233 0.269344 0.368278 0.322660 0.369050 0.323873 0.350315
1 0.384773 0.352104 0.383215 0.370281 0.435933 0.371122 0.435759 0.352318
1 0.461535 0.353108 0.460913 0.371849 0.513397 0.372644 0.513614 0.353858
1 0.525619 0.353808 0.525372 0.372762 0.577886 0.373157 0.576963 0.354512
1 0.084412 0.347157 0.080763 0.366433 0.133741 0.366619 0.136251 0.347461
0 0.000000 0.364659 0.024606 0.365452 0.026711 0.346807 0.001591 0.345908
0 0.091364 0.422064 0.089687 0.440641 0.114112 0.440782 0.114800 0.422278
0 0.115903 0.422064 0.115409 0.440641 0.140028 0.441459 0.140620 0.422064
0 0.143581 0.421946 0.142127 0.441527 0.167705 0.441386 0.169166 0.422391
0 0.195991 0.423463 0.192799 0.441904 0.218685 0.442649 0.221479 0.423981
0 0.230824 0.423390 0.229026 0.442626 0.255196 0.443371 0.256372 0.423835
0 0.265229 0.425144 0.262442 0.443230 0.288913 0.443535 0.289444 0.425008
0 0.295283 0.424862 0.293926 0.443862 0.319401 0.444353 0.320240 0.425353
0 0.344943 0.425889 0.343856 0.445007 0.369645 0.445216 0.370611 0.426171
0 0.380204 0.426448 0.379438 0.444979 0.404412 0.446056 0.405805 0.426662
0 0.423202 0.427497 0.421802 0.445724 0.442323 0.446147 0.443633 0.427575
0 0.470054 0.428924 0.468720 0.447247 0.494847 0.447151 0.495004 0.429251
0 0.517969 0.428828 0.517685 0.447755 0.544162 0.448246 0.544513 0.429178
0 0.618414 0.429764 0.616616 0.449182 0.642338 0.449882 0.642659 0.430210
0 0.627488 0.354344 0.628484 0.373953 0.654093 0.373761 0.652910 0.354417
3 0.000000 0.445470 0.000000 0.463934 0.020057 0.464301 0.024733 0.446074
0 0.616085 0.253886 0.615306 0.273586 0.641844 0.274144 0.642308 0.253914
1 0.102165 0.514821 0.100999 0.534617 0.151445 0.534588 0.151803 0.515632
1 0.152493 0.515848 0.152188 0.534871 0.203188 0.535629 0.202652 0.516524
2 0.263254 0.517172 0.262069 0.537059 0.353209 0.536872 0.354036 0.517796
1 0.359857 0.518050 0.358334 0.537937 0.409579 0.537601 0.410011 0.518904
1 0.444793 0.518794 0.443919 0.538125 0.494252 0.539180 0.494557 0.519672
1 0.544039 0.520900 0.543926 0.539573 0.595058 0.540912 0.593700 0.521931
0 0.658774 0.255409 0.658557 0.274099 0.684750 0.274331 0.684727 0.255545
0 0.704419 0.255663 0.704088 0.274212 0.731264 0.275498 0.731368 0.255635
0 0.735499 0.255844 0.735693 0.275221 0.762351 0.275898 0.760245 0.256312
0 0.783511 0.256476 0.784079 0.275735 0.810984 0.276271 0.809180 0.257175
0 0.828451 0.256753 0.828735 0.276507 0.855423 0.276812 0.854591 0.257062
0 0.862639 0.257389 0.863074 0.276784 0.890353 0.277179 0.889484 0.257598
0 0.896851 0.257316 0.897726 0.276779 0.924872 0.277597 0.924227 0.257558
0 0.658834 0.354880 0.659770 0.373293 0.685499 0.373807 0.684165 0.354975
0 0.688684 0.355788 0.688901 0.374393 0.715964 0.374461 0.714413 0.355449
0 0.721194 0.355139 0.722220 0.374788 0.747725 0.374833 0.747291 0.355957
1 0.749764 0.356183 0.750573 0.375133 0.802412 0.375533 0.801078 0.357756
1 0.803043 0.357683 0.804534 0.375865 0.855423 0.376633 0.854501 0.358360
1 0.859695 0.358287 0.861245 0.377005 0.913131 0.377727 0.911827 0.359032
0 0.873953 0.434571 0.874207 0.452962 0.899682 0.453244 0.899464 0.434131
0 0.836446 0.433454 0.837044 0.452381 0.863050 0.452612 0.862272 0.432331
0 0.786215 0.432935 0.785840 0.451326 0.812408 0.452031 0.811823 0.432404
0 0.737311 0.431649 0.736382 0.450435 0.763317 0.450999 0.762822 0.432304
0 0.666986 0.430695 0.667360 0.449882 0.693921 0.450209 0.693119 0.431332
1 0.630522 0.521644 0.629826 0.541032 0.680695 0.541896 0.680352 0.522143
1 0.722244 0.523357 0.721459 0.542922 0.773296 0.543450 0.773042 0.524345
1 0.809103 0.525779 0.808732 0.544519 0.858613 0.545167 0.858862 0.525765
1 0.113253 0.628102 0.111010 0.646881 0.159547 0.648339 0.161489 0.628913
1 0.165237 0.629196 0.164479 0.647787 0.213425 0.648853 0.214939 0.630003
1 0.238008 0.630573 0.235878 0.649111 0.284626 0.650003 0.286296 0.631033
1 0.300341 0.631763 0.298136 0.650340 0.349023 0.650839 0.349381 0.632046
1 0.371773 0.633207 0.370409 0.651232 0.420017 0.652177 0.420666 0.634478
1 0.459319 0.633452 0.458186 0.652786 0.507141 0.653650 0.508128 0.634315
1 0.560403 0.636100 0.560191 0.654730 0.608817 0.656068 0.608906 0.637183
1 0.179380 0.715755 0.175814 0.735754 0.224320 0.736403 0.226740 0.717008
1 0.346366 0.718953 0.344381 0.738630 0.392550 0.739138 0.393636 0.719681
1 0.400912 0.719698 0.399295 0.739184 0.448085 0.740002 0.448647 0.720579
1 0.455916 0.720189 0.455241 0.739861 0.504239 0.740701 0.504516 0.720962
1 0.510282 0.721329 0.509690 0.740769 0.558053 0.741469 0.558247 0.721520
1 0.583260 0.722497 0.583882 0.742173 0.632542 0.742382 0.631987 0.723015
0 0.026030 0.718181 0.020702 0.737085 0.045315 0.737480 0.050402 0.718135
0 0.053550 0.718671 0.049676 0.737530 0.074041 0.737971 0.078356 0.718367
0 0.113183 0.718158 0.109804 0.735268 0.133795 0.735359 0.136746 0.716641
0 0.019472 0.717713 0.014415 0.736577 0.000000 0.736577 0.000682 0.716105
0 0.030959 0.815254 0.028286 0.833899 0.052066 0.834767 0.053623 0.814509
2 0.124272 0.816658 0.122715 0.835094 0.208899 0.836116 0.210547 0.817926
2 0.289678 0.818238 0.289093 0.837261 0.372891 0.838383 0.373706 0.819343
2 0.408195 0.819637 0.406705 0.838265 0.491909 0.840041 0.492986 0.821323
1 0.496211 0.821110 0.495776 0.839828 0.541990 0.840572 0.542866 0.821532
1 0.553731 0.821600 0.553237 0.839828 0.600312 0.841486 0.600844 0.822531
1 0.222087 0.954073 0.221556 0.972605 0.266262 0.972464 0.268345 0.954146
1 0.311376 0.954728 0.311219 0.973191 0.359351 0.973609 0.359762 0.955404
3 0.370979 0.955540 0.371594 0.973277 0.431227 0.974699 0.432253 0.955450
1 0.511802 0.957221 0.512050 0.974845 0.560339 0.976035 0.559199 0.957649
1 0.561883 0.958857 0.561950 0.975922 0.607595 0.976153 0.607325 0.958626
1 0.136201 0.953492 0.135309 0.970665 0.180713 0.971510 0.182047 0.954310
1 0.617400 0.958880 0.617346 0.976548 0.663356 0.977807 0.663567 0.959325
1 0.674419 0.959980 0.674807 0.978302 0.721134 0.978952 0.719463 0.960679
1 0.721054 0.960443 0.722454 0.978765 0.766328 0.978297 0.765399 0.960916
1 0.766646 0.960838 0.767371 0.978952 0.810453 0.978952 0.811232 0.961570
2 0.895704 0.963596 0.895681 0.981732 0.976150 0.981614 0.975805 0.964436
2 0.894063 0.847410 0.897690 0.866664 0.981541 0.867877 0.977961 0.848414
1 0.780018 0.826153 0.779052 0.844538 0.825985 0.845170 0.826606 0.826784
2 0.614673 0.823400 0.614088 0.841559 0.699419 0.843212 0.699546 0.823400
2 0.913529 0.729125 0.914615 0.746467 0.999706 0.747984 0.999803 0.729480
1 0.802916 0.726372 0.803545 0.745022 0.852522 0.746089 0.850005 0.726649
1 0.710803 0.725486 0.712107 0.743995 0.760125 0.744994 0.758925 0.725204
1 0.657350 0.723450 0.658279 0.742941 0.706515 0.743522 0.705953 0.724014
1 0.710634 0.639527 0.710404 0.658093 0.759697 0.658971 0.758907 0.639987
1 0.799168 0.640773 0.797874 0.659796 0.846754 0.660986 0.847549 0.642044
3 0.962373 0.271337 0.957667 0.291246 0.970127 0.288674 0.975200 0.268770
0 0.040425 0.629723 0.038718 0.648895 0.064186 0.649841 0.065658 0.629847
0 0.010476 0.629532 0.008182 0.648584 0.033536 0.649232 0.035671 0.629709
2 0.950724 0.619229 0.999640 0.619500 1.000000 0.637374 0.948566 0.637374
