2 0.086749 0.170319 0.087847 0.190162 0.186674 0.190989 0.186432 0.169120
2 0.275619 0.170956 0.272325 0.190989 0.373758 0.191743 0.374856 0.169910
2 0.489503 0.172309 0.488949 0.191407 0.587125 0.191779 0.587330 0.171491
2 0.663485 0.173363 0.665137 0.191816 0.764363 0.192570 0.764024 0.171410
2 0.630036 0.304669 0.630591 0.326020 0.726269 0.325756 0.724639 0.305658
2 0.775247 0.305913 0.775500 0.325647 0.871443 0.326591 0.868789 0.306558
2 0.377741 0.304260 0.378586 0.324703 0.474528 0.324666 0.474986 0.303478
2 0.235184 0.429215 0.233494 0.449102 0.327423 0.450339 0.327832 0.429588
2 0.377488 0.431095 0.375593 0.449402 0.467143 0.450793 0.466395 0.430877
2 0.500969 0.432149 0.500473 0.451129 0.592023 0.451056 0.592276 0.431959
2 0.130672 0.429105 0.127620 0.447939 0.221533 0.448576 0.222992 0.429369
1 0.297871 0.302943 0.297134 0.324212 0.348803 0.323349 0.348744 0.303550
1 0.215709 0.302079 0.216021 0.323239 0.267933 0.323276 0.269779 0.303024
2 0.103123 0.302861 0.109808 0.324930 0.188494 0.324103 0.188096 0.303696
1 0.670122 0.431241 0.669180 0.451165 0.718739 0.451956 0.717641 0.432449
1 0.748387 0.431622 0.748436 0.450602 0.799900 0.451129 0.800067 0.431059
1 0.840083 0.432712 0.840083 0.451392 0.891838 0.451356 0.889303 0.433357
2 0.735609 0.565709 0.735862 0.584161 0.824478 0.584016 0.823321 0.565717
2 0.559022 0.564318 0.560071 0.582216 0.646782 0.583416 0.646842 0.564663
2 0.435832 0.564400 0.433996 0.582026 0.522349 0.582398 0.519345 0.564363
2 0.261478 0.565036 0.259304 0.582180 0.347382 0.581799 0.346499 0.564554
2 0.117554 0.563609 0.117700 0.581316 0.206052 0.582398 0.206219 0.564517
1 0.001787 0.588822 0.001992 0.606829 0.051658 0.606793 0.051610 0.587704
3 0.036237 0.208352 0.034041 0.227368 0.049414 0.228195 0.049414 0.209179
1 0.946645 0.429632 0.949444 0.447185 0.997636 0.448685 0.995284 0.429223
1 0.939501 0.540460 0.987635 0.539969 0.984147 0.522261 0.935542 0.524146
1 0.926627 0.607166 0.927725 0.625546 0.969307 0.626218 0.969414 0.607247
2 0.136948 0.671200 0.135064 0.690597 0.221485 0.690670 0.220930 0.670900
2 0.231276 0.672400 0.230985 0.689953 0.316151 0.692170 0.317406 0.671536
2 0.364192 0.672327 0.362707 0.690970 0.449380 0.691233 0.449827 0.672254
2 0.519636 0.672590 0.519394 0.689953 0.604996 0.691270 0.603198 0.672971
2 0.625413 0.673344 0.625063 0.692279 0.710051 0.692324 0.710762 0.674361
2 0.787326 0.675897 0.786131 0.692335 0.871725 0.692543 0.871782 0.677413
2 0.733063 0.790931 0.734618 0.809838 0.815936 0.809501 0.814994 0.791693
2 0.563403 0.791158 0.563064 0.807621 0.644683 0.808411 0.644322 0.790712
2 0.390229 0.790258 0.389276 0.807438 0.472515 0.807284 0.472682 0.789549
2 0.253453 0.787697 0.252161 0.805367 0.336326 0.806113 0.337424 0.788232
2 0.141954 0.805631 0.146637 0.788005 0.227788 0.786424 0.225301 0.806304
2 0.258195 0.899431 0.257592 0.915594 0.337268 0.915440 0.337774 0.898912
2 0.342602 0.897668 0.341854 0.915521 0.422036 0.915521 0.422181 0.896687
2 0.424356 0.898422 0.423860 0.915031 0.501593 0.915221 0.504031 0.898005
2 0.516595 0.897178 0.516148 0.915213 0.596777 0.915594 0.595786 0.897514
2 0.602848 0.897814 0.604296 0.915485 0.684505 0.915594 0.684359 0.896878
2 0.691276 0.896951 0.692035 0.915748 0.771081 0.915821 0.771178 0.897895
2 0.776345 0.899131 0.777444 0.915667 0.859918 0.915785 0.858976 0.899484
2 0.897738 0.899168 0.897422 0.916170 0.944236 0.915326 0.955620 0.908874 0.976192 0.901767 0.978716 0.897449
1 0.042368 0.896797 0.042465 0.914504 0.085952 0.913977 0.085661 0.897705
1 0.901527 0.807357 0.900574 0.825583 0.946500 0.825364 0.944751 0.807775
1 0.023953 0.669992 0.021913 0.690634 0.069314 0.690743 0.070821 0.670673
1 0.028394 0.770152 0.027754 0.786242 0.073776 0.786088 0.074670 0.769369
2 0.165175 0.898495 0.163905 0.915294 0.244701 0.915104 0.245244 0.897705
1 0.909341 0.712222 0.909364 0.729228 0.955742 0.728848 0.954368 0.712198
1 0.000242 0.897478 0.000000 0.913941 0.041135 0.913677 0.041038 0.897332
3 1.000000 0.607664 1.000000 0.625698 0.971310 0.625147 0.971659 0.607496
3 0.966269 0.331333 0.967768 0.350804 0.999625 0.350804 0.999625 0.330486
3 0.963755 0.712389 1.000000 0.712181 1.000000 0.729055 0.964032 0.729055
