0 0.930538 0.271943 0.931942 0.291138 0.958136 0.291138 0.956966 0.271943
0 0.983862 0.271943 0.985266 0.291138 0.959071 0.290962 0.957902 0.272119
3 0.992984 0.271239 0.994855 0.291314 1.000000 0.291138 0.999766 0.270887
0 0.715604 0.223693 0.742033 0.222284 0.745307 0.240070 0.719814 0.241126
1 0.775243 0.223693 0.776880 0.241302 0.829035 0.241126 0.827398 0.222460
1 0.583229 0.223517 0.583931 0.240070 0.635852 0.240774 0.635618 0.222988
1 0.517276 0.223517 0.517744 0.240246 0.569665 0.240070 0.568963 0.223165
1 0.439862 0.223165 0.439161 0.239718 0.490614 0.240070 0.491082 0.222636
1 0.279890 0.220347 0.279188 0.237957 0.330875 0.237252 0.331109 0.219819
1 0.189379 0.222108 0.187040 0.239189 0.239663 0.239542 0.241534 0.221756
1 0.127230 0.222284 0.123721 0.238485 0.071801 0.236724 0.075309 0.221227
0 0.090745 0.369325 0.086769 0.386230 0.112261 0.386582 0.115536 0.369853
0 0.202772 0.370029 0.200433 0.387286 0.225692 0.387462 0.227096 0.370029
1 0.141964 0.369853 0.139157 0.386582 0.189207 0.387286 0.191546 0.369677
0 0.515747 0.372034 0.540574 0.371627 0.541473 0.389101 0.516646 0.389508
0 0.571158 0.371898 0.595805 0.371763 0.596165 0.389508 0.571518 0.389508
1 0.635690 0.371898 0.636770 0.389508 0.687503 0.389643 0.685884 0.372169
1 0.693260 0.372169 0.694699 0.389372 0.745253 0.389372 0.743274 0.371763
1 0.902851 0.417954 0.903750 0.436512 0.953404 0.437325 0.952865 0.418632
1 0.962939 0.418090 0.964088 0.430838 0.964558 0.437189 0.999820 0.437460 0.999820 0.417954
2 0.888818 0.550026 0.890437 0.566959 0.897094 0.566959 0.939731 0.568449 0.976792 0.569939 0.974094 0.551923
1 0.752629 0.372169 0.803003 0.372169 0.804982 0.389779 0.754608 0.389779
0 0.823692 0.487851 0.848159 0.487851 0.849598 0.506138 0.824951 0.505867
0 0.776557 0.487851 0.801564 0.487851 0.802463 0.505731 0.778176 0.505731
0 0.268420 0.484871 0.292707 0.485006 0.291268 0.502887 0.266981 0.502480
1 0.103806 0.483923 0.101107 0.501668 0.148962 0.501939 0.151481 0.484194
1 0.152380 0.484329 0.200595 0.484464 0.198436 0.502210 0.150222 0.501939
1 0.207432 0.484600 0.255647 0.484600 0.254027 0.502616 0.205093 0.502345
1 0.309259 0.485277 0.357294 0.485142 0.355854 0.502887 0.307999 0.502751
1 0.370067 0.485548 0.418102 0.485954 0.417562 0.503293 0.368808 0.503158
1 0.463258 0.486225 0.510034 0.486225 0.510214 0.503835 0.462898 0.503564
1 0.514891 0.486225 0.561847 0.486361 0.561667 0.504106 0.514532 0.503835
1 0.717466 0.487445 0.718905 0.505190 0.767839 0.505461 0.766220 0.487580
1 0.573443 0.486496 0.573622 0.504241 0.621478 0.504512 0.620758 0.486632
1 0.635150 0.487038 0.683545 0.487445 0.684984 0.504783 0.635690 0.504648
1 0.758386 0.594728 0.804802 0.594999 0.806781 0.613015 0.759825 0.612473
1 0.671671 0.594051 0.718447 0.594457 0.719346 0.612067 0.672391 0.611525
1 0.100747 0.590258 0.097689 0.606919 0.099848 0.606784 0.100208 0.608274 0.143385 0.608680 0.147163 0.591070
0 0.170551 0.591477 0.169292 0.595270 0.167493 0.608951 0.144105 0.608680 0.147523 0.591070
0 0.213189 0.591748 0.210850 0.609222 0.234418 0.609222 0.236756 0.591883
0 0.251149 0.591341 0.274357 0.591341 0.272018 0.609357 0.248630 0.609086
0 0.283532 0.591748 0.306560 0.591883 0.304401 0.609357 0.282093 0.609357 0.281553 0.606784
0 0.311777 0.591883 0.334985 0.592019 0.333726 0.609493 0.309978 0.609493
0 0.342541 0.592019 0.365929 0.592019 0.364670 0.609357 0.340922 0.609628
0 0.385719 0.591748 0.409286 0.591748 0.408387 0.609357 0.384639 0.609764
0 0.431235 0.591883 0.454623 0.591748 0.454263 0.609628 0.430515 0.609222
0 0.480889 0.592154 0.480349 0.609899 0.503917 0.609764 0.503557 0.592019
0 0.542597 0.592561 0.542777 0.610170 0.566524 0.610306 0.565625 0.593102
0 0.579837 0.593102 0.579837 0.610577 0.603405 0.610983 0.603045 0.593373
0 0.619057 0.593509 0.619597 0.610983 0.643524 0.611525 0.643164 0.593509
2 0.940811 0.674784 0.942250 0.692800 0.999640 0.693342 1.000000 0.675461
1 0.919402 0.674919 0.921201 0.692935 0.878923 0.692529 0.876584 0.674242
0 0.785552 0.694696 0.808220 0.694832 0.810019 0.712983 0.787351 0.712983
1 0.713410 0.694561 0.715029 0.712306 0.759825 0.712441 0.758746 0.694832
0 0.550055 0.693071 0.550235 0.711222 0.572543 0.711358 0.572363 0.693206
1 0.578660 0.693613 0.578840 0.711222 0.623816 0.711358 0.623456 0.693884
1 0.667533 0.694155 0.668973 0.712171 0.624356 0.711493 0.623996 0.693613
1 0.667533 0.694290 0.669153 0.712035 0.714129 0.712171 0.712690 0.694290
0 0.465859 0.692529 0.488527 0.692529 0.488347 0.710681 0.465859 0.710681
0 0.147343 0.691852 0.145724 0.709190 0.123416 0.709055 0.125395 0.691039
2 0.090673 0.690497 0.090313 0.708242 0.008995 0.707023 0.010794 0.689820
0 0.348658 0.692394 0.370787 0.692529 0.369887 0.710410 0.347399 0.710003
0 0.317894 0.692394 0.340202 0.692123 0.338763 0.709868 0.316275 0.709868
0 0.255647 0.692123 0.277775 0.691987 0.276516 0.709868 0.253668 0.709597
0 0.214088 0.691852 0.236037 0.691852 0.234777 0.709461 0.211929 0.709326
3 0.166953 0.691174 0.164794 0.709326 0.146264 0.709190 0.147343 0.691039
1 0.212649 0.691987 0.210490 0.709732 0.165514 0.709190 0.167313 0.691039
1 0.381581 0.692123 0.381041 0.710274 0.425658 0.710410 0.426378 0.692394
3 0.037960 0.783286 0.035082 0.801844 0.000000 0.801302 0.000180 0.783015
1 0.917783 0.788976 0.918503 0.805502 0.963479 0.806450 0.962220 0.789382
1 0.854276 0.787892 0.855895 0.804960 0.899792 0.805095 0.898713 0.787757
1 0.808580 0.788976 0.809479 0.805502 0.764863 0.805095 0.765043 0.788569 0.767022 0.791278
1 0.717008 0.788027 0.717727 0.804960 0.760545 0.805231 0.760365 0.788163
1 0.670592 0.787215 0.670592 0.804418 0.714309 0.805095 0.713589 0.787486
0 0.397674 0.785318 0.419623 0.785454 0.418543 0.802522 0.397135 0.802386
0 0.364931 0.785047 0.386520 0.785183 0.386520 0.801980 0.364392 0.801438
0 0.135289 0.782880 0.156518 0.782609 0.154539 0.800625 0.132771 0.800083
0 0.160116 0.783015 0.181525 0.783151 0.180086 0.800354 0.158677 0.800083
1 0.626073 0.787215 0.626793 0.804689 0.669251 0.804553 0.669071 0.787215
1 0.577858 0.786537 0.578038 0.803876 0.621756 0.803876 0.621576 0.787079
1 0.529104 0.786673 0.528924 0.803470 0.572641 0.804012 0.572821 0.786266
1 0.479090 0.785454 0.522627 0.785996 0.522447 0.803063 0.478730 0.802792
1 0.429076 0.785318 0.429076 0.802115 0.472433 0.802251 0.472613 0.785589
1 0.191960 0.783286 0.190700 0.800490 0.234777 0.801031 0.235317 0.784099
1 0.239275 0.783828 0.238735 0.800761 0.282093 0.800896 0.282453 0.784099
1 0.286411 0.784506 0.285511 0.801031 0.329048 0.801438 0.329768 0.784641
3 0.983808 0.925769 0.984708 0.941482 0.999640 0.941617 0.999820 0.925633
1 0.914005 0.924414 0.915264 0.941346 0.960061 0.941617 0.958442 0.924685
1 0.864351 0.924143 0.865430 0.940940 0.910047 0.941211 0.908788 0.924279
2 0.739496 0.923059 0.740216 0.940263 0.819734 0.940805 0.819014 0.923466
2 0.656199 0.921434 0.656379 0.939450 0.738416 0.940263 0.737877 0.922518
2 0.524328 0.919538 0.524148 0.937689 0.604207 0.938908 0.603307 0.920350
2 0.357016 0.918047 0.356116 0.936063 0.436354 0.937012 0.436714 0.918860
2 0.213271 0.916422 0.212011 0.934844 0.291889 0.935657 0.292969 0.917506
2 0.076640 0.915203 0.075381 0.933219 0.000000 0.933083 0.000360 0.915609
2 0.119638 0.915474 0.117659 0.933625 0.197177 0.934709 0.198616 0.916287
1 0.236475 0.369729 0.234457 0.387612 0.284754 0.387846 0.286151 0.370197
1 0.288479 0.370080 0.287082 0.387963 0.337068 0.388431 0.338000 0.370898
1 0.390470 0.370898 0.389693 0.388547 0.340173 0.388314 0.340949 0.370781
1 0.409564 0.370898 0.409408 0.388664 0.458618 0.388664 0.458308 0.370664
