0 0.080041 0.224527 0.077487 0.244077 0.106432 0.244878 0.108560 0.224847
0 0.137292 0.225328 0.135589 0.245359 0.107283 0.245039 0.108985 0.224847
0 0.147082 0.225488 0.145805 0.245519 0.174111 0.246000 0.174750 0.225969
0 0.190499 0.225809 0.189860 0.246321 0.217528 0.246321 0.218380 0.225809
0 0.785994 0.232219 0.786846 0.252410 0.814088 0.252891 0.813449 0.232059
0 0.828773 0.232700 0.829411 0.253211 0.856866 0.253211 0.856015 0.232219
0 0.877724 0.233180 0.878575 0.253692 0.906243 0.253692 0.904753 0.232860
0 0.919125 0.233821 0.947006 0.233661 0.947644 0.253852 0.919976 0.253852
0 0.231475 0.225809 0.259142 0.225809 0.258930 0.246641 0.231049 0.246321
0 0.281064 0.226290 0.308306 0.226450 0.307667 0.247122 0.280000 0.246481
0 0.318522 0.226770 0.346189 0.226931 0.345551 0.247442 0.317883 0.247122
1 0.364280 0.227091 0.418764 0.227892 0.417700 0.248083 0.363003 0.246962
1 0.473674 0.227572 0.474525 0.248083 0.418764 0.248244 0.419190 0.227732
1 0.489636 0.227732 0.489211 0.248244 0.544759 0.249686 0.544759 0.228693
1 0.550505 0.228533 0.551357 0.249686 0.605415 0.248885 0.604989 0.228854 0.580943 0.229197
1 0.615205 0.230296 0.617546 0.250006 0.671392 0.248404 0.669477 0.228533
1 0.678628 0.230937 0.679480 0.250647 0.733325 0.251288 0.732261 0.231257
1 0.732687 0.231418 0.785681 0.231898 0.786320 0.252250 0.733325 0.251609
0 0.033414 0.456726 0.030009 0.475635 0.056187 0.476116 0.059166 0.456726
3 0.008300 0.456085 0.005534 0.475154 0.000000 0.475154 0.000000 0.456085
1 0.100668 0.382050 0.098753 0.401921 0.151534 0.402562 0.153237 0.383012
1 0.164304 0.382531 0.163027 0.402722 0.215596 0.403043 0.217086 0.382691
1 0.224109 0.383012 0.277103 0.383653 0.275826 0.403363 0.223258 0.403043
1 0.288170 0.383653 0.286893 0.403684 0.339462 0.403844 0.340952 0.384294
1 0.387349 0.384935 0.386710 0.404645 0.438640 0.405607 0.439066 0.385255
1 0.441620 0.385576 0.441407 0.405447 0.492912 0.405927 0.493763 0.385896
1 0.502276 0.386057 0.554419 0.386377 0.554419 0.406568 0.502489 0.406088
1 0.591581 0.386537 0.644150 0.386858 0.643937 0.407049 0.591368 0.406889
1 0.665646 0.387018 0.665433 0.407049 0.717576 0.407530 0.718002 0.387339
1 0.729494 0.386858 0.729707 0.407530 0.781850 0.407370 0.781637 0.387339
1 0.788022 0.387659 0.788448 0.407530 0.841017 0.408491 0.840378 0.388460
1 0.859107 0.388621 0.859533 0.408331 0.911676 0.408652 0.911250 0.389101
3 0.976589 0.337822 0.987443 0.337662 0.984251 0.355930 0.978291 0.356090
1 0.819308 0.531241 0.821437 0.549509 0.872090 0.550310 0.869110 0.531722
1 0.618611 0.529318 0.667987 0.529318 0.669051 0.547907 0.618823 0.547426
3 0.038096 0.571143 0.034053 0.590212 0.000000 0.589731 0.000000 0.570982
2 0.118333 0.522908 0.114502 0.541497 0.204741 0.544381 0.208360 0.526113
2 0.232835 0.526914 0.230494 0.545022 0.321372 0.545663 0.323500 0.527235
2 0.329246 0.527235 0.327331 0.545503 0.418209 0.545984 0.419273 0.527716
2 0.426296 0.527876 0.515259 0.528196 0.514833 0.546304 0.425232 0.545984
2 0.521857 0.528677 0.521005 0.546465 0.611032 0.547426 0.609755 0.529158
2 0.684458 0.530279 0.775762 0.530760 0.777251 0.549189 0.686161 0.548387
3 0.974248 0.681714 0.976163 0.699661 1.000000 0.699822 1.000000 0.681233
1 0.924233 0.680912 0.970417 0.681073 0.971694 0.699822 0.925936 0.699181
1 0.844422 0.660561 0.892734 0.660561 0.893160 0.679791 0.845273 0.679630
1 0.694590 0.659920 0.741838 0.660561 0.742051 0.678509 0.695229 0.678188
1 0.646065 0.659439 0.693739 0.659599 0.693739 0.678509 0.646278 0.678028
1 0.504747 0.658157 0.551782 0.658317 0.552208 0.677387 0.504109 0.676746
1 0.455158 0.657997 0.497937 0.657356 0.501555 0.660721 0.501767 0.676746 0.453881 0.676586
2 0.364067 0.657196 0.451540 0.657837 0.451753 0.676586 0.363429 0.676586
2 0.203807 0.656074 0.290428 0.657196 0.289790 0.676105 0.202317 0.675784
1 0.298173 0.657837 0.345847 0.658317 0.345209 0.676425 0.297535 0.675945
1 0.133657 0.656555 0.181543 0.656394 0.180053 0.675624 0.131528 0.675143
0 0.043630 0.678348 0.068318 0.678188 0.064913 0.697258 0.040650 0.697899
3 0.014685 0.678669 0.010854 0.697418 0.000000 0.697418 0.000000 0.678669
1 0.908909 0.777542 0.955732 0.778022 0.957860 0.796932 0.911463 0.796451
3 0.971268 0.922440 0.973396 0.941189 0.999574 0.941349 0.999574 0.922600
1 0.921679 0.922120 0.923594 0.940869 0.970842 0.940388 0.967863 0.921639
1 0.824416 0.923562 0.826332 0.942952 0.872728 0.943112 0.871026 0.923081
1 0.743967 0.924363 0.745031 0.942952 0.792279 0.943112 0.791215 0.924203
1 0.696506 0.923882 0.697996 0.942952 0.743967 0.942471 0.742903 0.923722
0 0.794194 0.923882 0.817393 0.923722 0.819095 0.943433 0.795684 0.943272
1 0.695229 0.922440 0.696293 0.942471 0.649045 0.942311 0.648619 0.922600
1 0.599030 0.922600 0.598817 0.942151 0.646491 0.942151 0.646278 0.922600
1 0.538587 0.922600 0.538587 0.941670 0.586261 0.942151 0.586261 0.922440
1 0.455584 0.922120 0.455158 0.941990 0.503044 0.941990 0.502832 0.921639
1 0.383009 0.921318 0.382583 0.941189 0.430044 0.941670 0.430895 0.921158
1 0.328525 0.921799 0.327248 0.941349 0.375134 0.941670 0.375986 0.921959
1 0.254460 0.921799 0.253609 0.940548 0.301495 0.940388 0.302560 0.921639
1 0.181330 0.921959 0.180053 0.939907 0.227514 0.940067 0.228578 0.921639
1 0.128974 0.921959 0.127272 0.940067 0.174307 0.940067 0.175584 0.921318
2 0.080237 0.922120 0.078960 0.940388 0.000000 0.939587 0.000000 0.921959
1 0.039799 0.777736 0.038735 0.796646 0.000000 0.796325 0.000213 0.777256
1 0.045758 0.781102 0.043630 0.796485 0.090027 0.796646 0.091942 0.778538
1 0.140680 0.776775 0.139616 0.795203 0.186438 0.794562 0.187502 0.776294
1 0.207508 0.777256 0.206231 0.795203 0.253266 0.795684 0.254543 0.777095
1 0.289447 0.777576 0.335844 0.777736 0.334780 0.795844 0.288170 0.795364
1 0.361171 0.777897 0.407780 0.777897 0.406716 0.796165 0.360532 0.795844
1 0.444813 0.778217 0.444387 0.796485 0.490784 0.796806 0.490571 0.778538
1 0.543778 0.778698 0.590600 0.779018 0.590388 0.797607 0.543778 0.796806
1 0.633805 0.779499 0.634230 0.797287 0.681053 0.797607 0.680201 0.779980
1 0.721277 0.779980 0.721703 0.798248 0.767887 0.798729 0.767887 0.780300
1 0.811942 0.780941 0.812368 0.799210 0.858978 0.799690 0.858552 0.781422
