0 0.062870 0.280861 0.064299 0.316443 0.095020 0.316918 0.092162 0.279912
0 0.110737 0.275168 0.113238 0.315969 0.143244 0.315969 0.140743 0.275168
0 0.193254 0.275168 0.223975 0.273270 0.225761 0.315495 0.195755 0.315969
0 0.317208 0.273270 0.319351 0.314546 0.349715 0.314071 0.347571 0.272322
0 0.364361 0.272796 0.395438 0.272796 0.396153 0.314071 0.365432 0.314546
0 0.437233 0.272322 0.467239 0.271373 0.469025 0.312174 0.439733 0.314546
0 0.154317 0.740582 0.177179 0.740582 0.178608 0.771420 0.155389 0.771894
0 0.182180 0.741531 0.182895 0.771420 0.206471 0.771894 0.205399 0.742005
0 0.233262 0.741056 0.235048 0.770945 0.258625 0.770945 0.256839 0.741056
0 0.272913 0.741531 0.295418 0.741056 0.296847 0.772369 0.273985 0.772369
0 0.302205 0.742005 0.324352 0.742005 0.325424 0.772369 0.302919 0.772369
0 0.330068 0.742480 0.352572 0.742005 0.354001 0.771894 0.330782 0.772369
0 0.359717 0.741531 0.359360 0.771894 0.382221 0.773317 0.382936 0.741531
0 0.843539 0.746181 0.842825 0.776544 0.867473 0.777493 0.868902 0.746181
0 0.876403 0.746655 0.900337 0.747604 0.899622 0.778917 0.875332 0.777968
0 0.766738 0.947813 0.766381 0.978176 0.789242 0.978651 0.789600 0.946864
3 0.968208 0.269855 0.963921 0.309233 1.000000 0.310182 1.000000 0.269381
1 0.900337 0.270330 0.898193 0.311131 0.959277 0.310182 0.961778 0.269855
1 0.836752 0.269381 0.834252 0.309233 0.895693 0.309233 0.897836 0.269381
1 0.696009 0.270804 0.694937 0.311605 0.756021 0.311605 0.756378 0.269855
1 0.605633 0.270804 0.604919 0.311131 0.666003 0.310656 0.666717 0.270330
1 0.543835 0.271753 0.543835 0.312554 0.604562 0.312080 0.605633 0.270330
1 0.481322 0.273651 0.480965 0.314452 0.542049 0.313977 0.541334 0.272228
3 0.984997 0.044596 0.980353 0.092513 0.999643 0.092988 0.999643 0.044122
1 0.861757 0.046494 0.858185 0.093462 0.924627 0.092988 0.927485 0.047917
1 0.760665 0.047443 0.757807 0.092988 0.824607 0.093937 0.827822 0.047443
1 0.622065 0.047443 0.620993 0.095360 0.688507 0.092513 0.689579 0.045545
1 0.490252 0.047917 0.489895 0.096309 0.555623 0.096309 0.555623 0.047443
1 0.357368 0.050289 0.359511 0.095360 0.424167 0.096309 0.423453 0.049341
1 0.279137 0.047917 0.285210 0.095360 0.350224 0.087769 0.344865 0.038903
1 0.179831 0.051238 0.182332 0.098207 0.249489 0.097732 0.246274 0.048866
1 0.111451 0.051713 0.115738 0.097732 0.181823 0.097732 0.178965 0.050764
1 0.002501 0.053610 0.007144 0.098681 0.072515 0.098681 0.068228 0.051238
1 0.093948 0.455451 0.098234 0.491033 0.153603 0.490084 0.149674 0.454502
1 0.152174 0.455925 0.155746 0.490558 0.210043 0.490558 0.207543 0.454502
1 0.243979 0.455925 0.245765 0.490084 0.300776 0.490558 0.299347 0.455451
1 0.354716 0.455925 0.355073 0.489610 0.301491 0.490558 0.300419 0.454976
1 0.395796 0.454502 0.396153 0.490084 0.450450 0.491033 0.449735 0.454976
1 0.354359 0.456874 0.395438 0.454502 0.395438 0.490558 0.354716 0.491033
1 0.451164 0.455925 0.502961 0.453079 0.504747 0.486763 0.451521 0.490084
1 0.554757 0.454028 0.554400 0.489610 0.499388 0.490558 0.499388 0.488186 0.504389 0.487712 0.502961 0.454028
1 0.571903 0.453079 0.571546 0.489610 0.626915 0.490084 0.627272 0.453553
1 0.646919 0.452130 0.646204 0.488661 0.701216 0.488661 0.703002 0.454028
1 0.720148 0.454502 0.718719 0.489610 0.774088 0.489135 0.775874 0.453079
1 0.798378 0.453079 0.795878 0.489135 0.851604 0.490084 0.854461 0.452604
1 0.869973 0.455451 0.867116 0.489135 0.921055 0.489135 0.925699 0.454976
1 0.982496 0.453553 0.978567 0.489610 0.922127 0.489135 0.926413 0.454502
1 0.117881 0.607742 0.118596 0.639529 0.167892 0.641427 0.167177 0.607742
1 0.206114 0.608691 0.206471 0.640952 0.167892 0.640952 0.167177 0.607742
1 0.255052 0.608217 0.256481 0.641427 0.206828 0.641901 0.206828 0.609165
1 0.303277 0.609165 0.303634 0.642850 0.256481 0.641427 0.255052 0.608691
1 0.354001 0.608691 0.355073 0.642375 0.304348 0.642850 0.303991 0.608691
1 0.404369 0.609165 0.405441 0.642375 0.355073 0.641901 0.354295 0.609114
1 0.454736 0.608217 0.455094 0.640952 0.405798 0.642375 0.404726 0.608691
1 0.461881 0.608217 0.461523 0.642850 0.511534 0.641901 0.511891 0.607742
1 0.546898 0.608691 0.546898 0.643324 0.597980 0.643799 0.598337 0.608691
1 0.627629 0.610114 0.627272 0.644273 0.678711 0.644748 0.678711 0.610589
1 0.680291 0.610589 0.681006 0.644748 0.731373 0.643799 0.732088 0.610114
1 0.738518 0.609640 0.737446 0.644273 0.789242 0.644748 0.789600 0.609640
1 0.790671 0.610114 0.840682 0.609640 0.840324 0.645222 0.789600 0.644273
1 0.888191 0.610589 0.888549 0.644273 0.840682 0.644273 0.841396 0.610114
1 0.941774 0.611063 0.941417 0.645696 0.888549 0.644748 0.889263 0.610589
1 0.754592 0.744283 0.753164 0.775596 0.800316 0.776070 0.802102 0.744758
1 0.704939 0.744758 0.703153 0.775596 0.751020 0.775121 0.752449 0.744283
1 0.640283 0.745232 0.639569 0.774172 0.686721 0.775596 0.687436 0.745232
1 0.579914 0.743335 0.579199 0.773223 0.625995 0.774647 0.627423 0.744283
1 0.505970 0.743335 0.506327 0.772749 0.553122 0.773698 0.553122 0.743809
1 0.450244 0.742860 0.449530 0.773223 0.496682 0.774172 0.496682 0.743809
1 0.429168 0.742860 0.430954 0.772749 0.384516 0.772749 0.383445 0.741911
0 0.949275 0.715343 0.948561 0.746655 0.971780 0.747604 0.973209 0.715343
3 0.978210 0.714869 0.975709 0.746655 1.000000 0.747130 1.000000 0.714394
1 0.941774 0.950185 0.941774 0.978651 0.987140 0.978651 0.987140 0.950185
1 0.851041 0.950659 0.850684 0.979125 0.898551 0.980548 0.898551 0.951608
1 0.791028 0.949236 0.791028 0.978176 0.838181 0.979125 0.838538 0.950659
1 0.715299 0.945915 0.715656 0.977227 0.762094 0.977702 0.762094 0.946390
1 0.656001 0.947339 0.656715 0.976753 0.703153 0.975804 0.702439 0.947813
1 0.595631 0.947339 0.595631 0.976279 0.642069 0.976753 0.642784 0.948287
1 0.528117 0.946390 0.527046 0.974855 0.574913 0.975804 0.575627 0.947339
1 0.468462 0.944966 0.468462 0.974855 0.515257 0.975330 0.515257 0.945441
1 0.393089 0.944018 0.392732 0.973906 0.439170 0.974381 0.439885 0.944966
1 0.273779 0.941645 0.272708 0.971060 0.318789 0.972483 0.319860 0.943069
1 0.155541 0.942120 0.155183 0.971060 0.201264 0.970585 0.201622 0.940697
