1 0.086139 0.243142 0.083041 0.261886 0.138682 0.263448 0.138127 0.243322
1 0.180155 0.244035 0.177878 0.264089 0.234006 0.265515 0.234123 0.245057
1 0.272012 0.265929 0.326647 0.266673 0.326909 0.247705 0.273649 0.246401
1 0.363715 0.266917 0.419275 0.268574 0.420091 0.248347 0.365798 0.247396
2 0.443984 0.248520 0.442721 0.269301 0.540178 0.270611 0.538573 0.250095
1 0.630975 0.252414 0.631241 0.271986 0.685867 0.272886 0.685141 0.252665
1 0.705372 0.253205 0.705859 0.272892 0.759665 0.273779 0.759101 0.253205
1 0.812650 0.257459 0.811788 0.275340 0.865517 0.276104 0.863768 0.258712
1 0.872344 0.257985 0.870125 0.276722 0.917726 0.277075 0.923940 0.257337
0 0.971198 0.225125 0.973128 0.244884 0.999429 0.245726 0.997756 0.225074
2 0.214649 0.393754 0.212106 0.410987 0.213088 0.412087 0.306312 0.413563 0.308196 0.394711
2 0.527521 0.398765 0.526642 0.416962 0.620293 0.417811 0.618295 0.399009
2 0.752428 0.400629 0.754015 0.417926 0.846111 0.419012 0.844848 0.401657
1 0.350865 0.395899 0.348953 0.414334 0.400531 0.414738 0.401076 0.396439
1 0.426985 0.397346 0.425799 0.415594 0.471087 0.415421 0.472359 0.397288
1 0.143502 0.393336 0.138664 0.410756 0.191590 0.411571 0.194697 0.393818
1 0.089304 0.391479 0.086694 0.409503 0.136721 0.410338 0.140937 0.392328
2 0.272806 0.533509 0.270664 0.553390 0.360902 0.553872 0.361447 0.534307
2 0.120146 0.684172 0.117517 0.703693 0.203300 0.703988 0.204657 0.685727
2 0.229822 0.685496 0.227680 0.704161 0.312615 0.705183 0.315339 0.685978
2 0.370014 0.686935 0.368589 0.705608 0.453885 0.704830 0.454431 0.686884
2 0.495426 0.687007 0.495742 0.705370 0.580695 0.706372 0.578955 0.687899
2 0.610802 0.688310 0.611690 0.706687 0.695525 0.707098 0.694979 0.688979
2 0.703510 0.689030 0.703154 0.708300 0.788558 0.707169 0.788261 0.688928
2 0.789086 0.689274 0.789018 0.707478 0.876271 0.707105 0.873500 0.697356 0.858109 0.689621
2 0.153435 0.918802 0.154306 0.936884 0.234944 0.935740 0.234723 0.918391
2 0.417904 0.918802 0.417683 0.935258 0.499354 0.934531 0.500120 0.916426
2 0.624626 0.917003 0.623125 0.934236 0.703650 0.933523 0.704606 0.916514
2 0.887431 0.920486 0.888711 0.940462 0.967632 0.938727 0.965566 0.919298
2 0.378973 0.787698 0.378428 0.806428 0.462281 0.806486 0.461564 0.788418
2 0.130444 0.788907 0.129191 0.805902 0.212890 0.805356 0.213062 0.786748
2 0.001664 0.591081 0.001826 0.614792 0.044025 0.593825 0.033281 0.577434
2 0.000000 0.793565 0.000000 0.818823 0.040937 0.781710 0.031788 0.765981
2 0.036847 0.971360 0.047136 0.984682 0.081824 0.936052 0.072971 0.923980
2 0.603144 0.788158 0.602911 0.806890 0.685913 0.807070 0.683760 0.787976
0 0.964415 0.787211 0.964418 0.804683 0.987373 0.804862 0.987373 0.787030
0 0.941203 0.787755 0.941202 0.805221 0.962254 0.804681 0.962015 0.787030
0 0.916562 0.787932 0.917039 0.805221 0.939998 0.805581 0.939761 0.787933
0 0.893830 0.788114 0.894549 0.804863 0.916073 0.804683 0.914400 0.787752
0 0.966327 0.690115 0.969676 0.709026 0.992634 0.709205 0.989524 0.689390
0 0.937857 0.688677 0.940484 0.708306 0.964161 0.708126 0.959860 0.688855
0 0.908905 0.689757 0.911051 0.708126 0.934736 0.707947 0.933597 0.701722 0.920877 0.696409
0 0.960343 0.606710 0.960823 0.623821 0.985219 0.624540 0.984981 0.605448
2 0.706020 0.537720 0.706735 0.556809 0.795257 0.558249 0.794298 0.539697
2 0.567739 0.537180 0.568450 0.556268 0.656248 0.556807 0.654580 0.538439
2 0.466300 0.535922 0.465339 0.555007 0.554338 0.555728 0.554577 0.537180
1 0.404333 0.535379 0.403612 0.554471 0.453129 0.554469 0.452652 0.535738
1 0.192836 0.532855 0.189961 0.551944 0.239491 0.553387 0.241642 0.533942
1 0.107671 0.532497 0.105273 0.551225 0.155522 0.551408 0.156941 0.532675
0 0.971098 0.527776 0.973022 0.542217 0.997420 0.541857 0.994322 0.526188 0.990214 0.526729 0.988302 0.531939
0 0.932848 0.293293 0.929502 0.313445 0.916598 0.316144 0.919943 0.295812
3 0.990648 0.606155 1.000000 0.606155 1.000000 0.623758 0.991116 0.623758
3 0.796133 0.539263 0.796600 0.558274 0.826058 0.558626 0.835410 0.546656 0.820447 0.543136 0.819045 0.539615
